19950112,5,13,26,38,37,25
19950119,20,32,38,21,5,11
19950126,32,27,38,11,10,29
19950202,10,36,31,40,3,38
19950209,24,11,21,32,22,15
19950216,32,5,8,7,22,24
19950223,38,31,11,10,8,37
19950309,12,25,1,6,22,9
19950316,35,10,7,17,27,26
19950323,6,4,9,25,32,38
19950330,14,20,30,18,10,2
19950406,11,23,15,40,4,1
19950413,6,27,35,11,22,34
19950420,9,4,35,1,31,19
19950427,20,4,35,33,12,11
19950504,9,6,39,1,7,34
19950511,33,2,34,11,30,25
19950518,36,27,24,29,25,26
19950525,21,22,13,24,32,26
19950601,9,39,10,17,40,5
19950608,28,10,34,13,36,4
19950615,26,34,6,22,39,20
19950622,27,15,23,28,6,4
19950629,17,24,20,19,26,15
19950706,18,21,27,13,5,31
19950713,5,21,36,3,29,11
19950720,39,14,22,27,40,23
19950727,1,30,13,15,11,20
19950803,8,5,34,33,14,1
19950810,2,13,24,28,37,22
19950817,19,3,25,31,38,22
19950824,37,18,23,32,30,17
19950831,14,37,35,13,33,21
19950907,23,33,35,27,20,32
19950914,14,12,37,40,21,7
19950921,27,3,19,20,37,31
19950928,21,29,33,12,36,38
19951005,21,40,9,35,19,26
19951012,26,19,37,36,18,4
19951019,23,24,14,10,5,29
19951026,23,38,32,8,17,4
19951102,9,22,14,12,17,25
19951109,29,5,32,15,20,40
19951116,5,7,34,28,16,19
19951123,4,17,6,25,34,9
19951130,33,12,37,2,13,1
19951207,8,23,30,22,3,11
19951214,3,34,39,1,31,25
19951221,5,24,17,11,18,32
19960107,27,36,9,21,26,32
19960111,38,6,24,36,19,34
19960118,22,3,24,2,12,4
19960125,19,6,38,2,14,31
19960201,17,4,33,30,39,35
19960208,1,38,23,30,2,37
19960215,16,17,34,6,15,32
19960222,40,22,4,39,24,29
19960307,10,29,2,25,36,16
19960314,40,4,8,22,2,13
19960321,16,25,3,14,7,29
19960328,33,27,22,12,19,10
19960404,40,25,30,11,12,9
19960411,32,35,28,12,11,33
19960418,31,36,29,2,26,34
19960425,35,40,33,25,32,5
19960502,38,31,8,35,20,6
19960509,21,10,39,30,29,2
19960516,11,17,18,7,4,21
19960523,16,26,4,35,12,9
19960530,37,23,22,14,2,29
19960606,3,23,4,17,31,32
19960613,25,18,26,1,27,21
19960620,21,29,38,40,20,7
19960627,37,26,9,28,39,13
19960704,8,12,38,6,16,11
19960711,39,16,1,10,5,35
19960718,36,19,26,34,38,10
19960725,40,37,14,30,16,13
19960801,37,40,20,1,12,9
19960808,7,35,3,40,18,25
19960815,19,33,29,3,27,7
19960822,13,31,26,7,33,10
19960829,6,15,10,20,39,12
19960905,4,20,17,7,39,15
19960912,3,35,5,19,38,22
19960919,13,16,18,29,2,9
19960926,13,17,8,22,10,39
19961003,26,18,10,8,16,14
19961010,26,27,4,36,13,19
19961017,31,6,27,39,14,18
19961024,15,31,16,20,5,1
19961031,10,15,20,21,4,5
19961107,36,33,16,10,9,39
19961114,32,20,31,24,5,23
19961121,13,7,22,9,24,30
19961128,32,7,25,21,15,40
19961205,22,37,17,20,29,24
19961212,11,17,32,20,1,28
19961219,25,8,18,12,23,38
19970105,22,1,29,33,18,27
19970109,22,29,6,26,24,15
19970116,29,6,36,21,33,35
19970123,18,21,28,10,7,1
19970130,28,3,34,16,25,38
19970206,21,14,38,22,11,23
19970213,25,37,10,20,24,40
19970220,1,40,16,11,24,17
19970227,16,1,14,32,30,33
19970306,38,6,22,21,32,20
19970313,5,38,8,25,37,3
19970320,35,39,11,28,27,19
19970327,3,33,9,21,18,17
19970403,15,30,28,40,37,5
19970410,5,10,12,30,19,35
19970417,7,1,37,18,29,35
19970424,4,18,16,19,5,21
19970501,23,40,37,13,34,8
19970508,40,26,21,6,14,5
19970515,4,38,22,27,25,26
19970522,21,6,34,24,28,18
19970529,20,21,31,5,35,28
19970605,11,14,15,35,34,3
19970612,32,5,38,7,36,8
19970619,9,6,28,19,25,13
19970626,24,14,27,22,15,5
19970703,33,22,30,13,29,36
19970710,16,4,20,12,3,2
19970717,20,36,37,23,3,19
19970724,30,18,36,4,14,20
19970731,29,14,22,16,8,30
19970807,11,32,17,14,18,8
19970814,30,4,6,23,13,21
19970821,14,23,38,18,37,11
19970828,5,33,3,32,29,16
19970904,9,10,30,35,36,23
19970911,35,10,11,26,16,2
19970918,19,33,23,14,8,20
19970925,35,9,3,25,22,8
19971002,37,20,3,8,28,27
19971009,14,15,26,40,11,3
19971016,14,26,7,12,24,19
19971023,25,33,14,20,2,15
19971030,35,20,2,31,28,16
19971106,35,32,4,30,40,29
19971113,23,11,36,26,2,12
19971120,3,27,23,15,4,37
19971127,6,21,25,39,32,18
19971204,5,8,4,37,39,30
19971211,34,32,15,18,31,40
19971218,40,25,18,17,21,4
19980108,22,15,13,30,28,39
19980115,30,25,19,36,2,37
19980122,16,12,9,26,10,1
19980129,40,20,14,19,38,28
19980205,39,23,17,18,14,20
19980212,6,40,39,25,21,4
19980219,7,13,9,34,28,11
19980226,24,37,5,31,19,17
19980305,18,12,13,7,37,29
19980312,16,36,9,34,40,3
19980319,33,7,4,34,29,37
19980326,6,7,21,33,14,28
19980402,23,8,12,28,5,6
19980409,14,7,2,10,37,29
19980416,8,4,12,9,20,5
19980423,37,9,24,34,21,2
19980430,17,40,20,34,35,26
19980507,3,33,5,30,12,15
19980514,21,34,14,23,30,25
19980521,19,39,27,37,31,30
19980528,40,35,39,37,29,33
19980604,34,21,23,14,6,27
19980611,20,16,26,27,2,32
19980618,22,23,11,16,39,2
19980625,32,35,2,37,6,38
19980702,16,33,14,32,27,8
19980709,15,14,21,26,40,17
19980716,37,1,18,20,32,11
19980723,3,25,36,22,32,18
19980730,10,36,20,9,22,35
19980806,23,30,20,28,5,7
19980813,34,29,22,14,38,30
19980820,15,40,9,2,12,22
19980827,20,31,1,35,40,11
19980903,34,36,15,21,11,16
19980910,36,13,37,11,34,7
19980917,20,14,17,36,8,2
19980924,28,12,30,37,21,7
19981001,30,38,16,12,1,14
19981008,37,3,30,29,24,5
19981015,39,25,29,17,40,9
19981022,26,27,3,11,20,5
19981029,10,38,14,2,18,31
19981105,4,9,23,29,22,1
19981112,3,24,31,17,29,11
19981119,25,5,33,38,27,10
19981126,24,13,3,35,2,40
19981203,35,34,18,21,36,24
19981210,9,40,15,7,4,18
19981217,30,6,25,2,28,38
19981224,25,27,20,21,2,38
19990107,31,34,39,4,2,7
19990114,7,36,30,14,24,38
19990121,29,6,2,40,20,25
19990128,32,35,37,31,39,30
19990204,10,38,24,29,14,23
19990211,17,28,38,20,7,21
19990218,8,30,14,7,36,12
19990225,37,16,6,29,2,3
19990304,34,32,15,3,37,29
19990311,19,30,7,35,27,13
19990318,17,29,25,11,22,13
19990325,15,13,38,5,23,33
19990401,14,40,19,18,32,38
19990408,33,7,34,2,30,13
19990415,5,27,21,23,7,13
19990422,10,27,17,31,22,34
19990429,5,40,18,27,29,19
19990506,10,19,36,12,25,30
19990513,30,15,37,9,10,33
19990520,8,27,26,30,34,7
19990527,5,25,35,22,40,3
19990603,4,26,23,37,9,22
19990610,34,24,22,30,38,31
19990617,40,2,26,33,16,30
19990624,22,21,40,10,28,32
19990701,10,6,19,25,37,4
19990708,16,28,38,27,36,21
19990715,15,17,30,33,2,19
19990722,14,39,26,19,20,32
19990729,23,25,11,1,21,14
19990805,21,3,39,33,15,40
19990812,26,15,27,29,12,1
19990819,27,4,30,37,5,14
19990826,14,8,28,39,32,10
19990902,27,17,37,4,24,21
19990909,35,5,4,21,36,40
19990916,30,25,26,34,33,20
19990923,7,10,9,11,2,18
19990930,37,8,29,26,19,21
19991007,8,30,19,5,16,10
19991014,35,6,3,22,15,10
19991021,23,8,36,17,33,9
19991028,16,38,17,39,32,20
19991104,32,37,30,1,15,40
19991111,28,7,19,8,10,1
19991118,30,4,15,6,28,29
19991125,16,5,11,14,31,35
19991202,28,8,6,24,36,21
19991209,2,34,31,9,38,19
19991216,3,19,4,12,36,32
19991223,22,14,10,23,12,33
20000106,9,24,2,29,31,1
20000113,30,36,1,10,38,34
20000120,28,5,29,38,4,6
20000127,40,31,37,12,34,7
20000203,3,15,37,29,38,36
20000210,2,17,6,39,34,14
20000217,3,25,14,27,23,36
20000224,18,6,4,31,39,14
20000302,38,21,15,5,14,8
20000309,39,21,31,6,9,23
20000316,4,20,5,1,3,12
20000323,27,30,10,39,36,7
20000330,27,10,3,29,9,34
20000406,25,9,17,3,35,13
20000413,13,6,39,9,37,19
20000420,37,15,28,18,20,9
20000427,22,16,19,5,31,30
20000504,39,2,3,11,10,23
20000511,15,28,14,32,2,11
20000518,38,1,9,20,2,32
20000525,20,5,34,1,18,2
20000601,24,37,11,5,26,15
20000608,14,3,12,4,8,23
20000615,17,23,38,34,6,36
20000622,9,23,28,37,4,14
20000629,28,2,13,6,36,40
20000706,26,6,32,21,18,27
20000713,19,24,5,34,37,12
20000720,34,40,36,39,33,26
20000727,27,3,13,36,17,32
20000803,29,22,2,34,17,10
20000810,12,4,37,20,36,1
20000817,8,3,1,40,30,22
20000824,11,17,32,27,33,40
20000831,19,12,23,37,34,1
20000907,21,29,30,10,37,34
20000914,11,24,8,19,31,25
20000921,8,12,33,23,28,37
20000928,5,21,17,2,23,3
20001005,19,14,35,36,26,37
20001012,13,17,38,21,2,36
20001019,12,19,20,3,22,28
20001026,15,31,23,29,30,7
20001102,21,40,12,9,2,6
20001109,16,2,26,25,4,31
20001116,3,6,38,1,17,22
20001123,26,25,12,7,11,13
20001130,25,33,18,21,19,28
20001207,14,38,1,29,16,18
20001214,9,40,29,2,38,14
20001221,25,14,6,4,23,16
20010104,33,40,35,9,14,32
20010111,21,25,28,33,10,24
20010118,7,22,25,38,9,27
20010125,18,6,7,13,17,30
20010201,31,14,11,10,6,2
20010208,19,27,34,26,5,3
20010215,30,26,34,32,31,36
20010222,10,24,23,13,14,40
20010301,3,34,40,17,19,35
20010308,4,22,30,6,8,28
20010315,6,4,22,18,38,9
20010322,27,1,13,21,23,33
20010329,17,28,27,3,24,9
20010405,16,23,35,4,8,39
20010412,17,31,28,1,21,6
20010419,18,37,16,21,5,25
20010426,22,16,35,36,27,32
20010503,8,6,37,2,20,38
20010510,35,17,19,24,31,10
20010517,33,4,17,30,1,6
20010524,31,24,28,30,25,9
20010531,26,22,5,29,23,3
20010607,9,3,20,28,30,10
20010614,23,33,22,11,30,4
20010621,9,20,5,21,34,12
20010628,11,18,17,25,10,4
20010705,17,26,28,1,14,12
20010712,27,16,14,3,19,17
20010719,4,1,26,11,21,29
20010726,21,1,4,13,37,30
20010802,37,17,21,10,20,27
20010809,25,8,30,22,12,40
20010816,7,21,20,12,6,34
20010823,29,26,20,15,38,12
20010830,20,22,5,6,7,27
20010906,28,40,22,19,9,35
20010913,28,35,16,2,3,38
20010920,23,26,25,2,9,21
20010927,32,7,40,36,18,12
20011004,11,14,23,13,1,27
20011011,36,34,6,40,17,5
20011018,16,26,40,28,5,24
20011025,35,15,30,28,5,21
20011101,25,40,20,30,1,34
20011108,27,32,35,29,5,28
20011115,15,12,31,7,17,21
20011122,7,6,8,14,27,1
20011129,4,14,15,1,19,11
20011206,35,33,39,25,34,29
20011213,33,3,28,13,25,27
20011220,7,18,22,33,40,8
20020110,18,31,15,12,24,40
20020117,40,33,15,1,11,25
20020124,11,10,38,35,16,28
20020131,40,2,1,10,4,26
20020207,22,14,34,12,19,31
20020214,23,25,22,3,8,36
20020221,35,9,19,32,10,11
20020228,9,39,1,10,36,32
20020307,8,33,17,6,27,26
20020314,12,8,13,29,40,17
20020321,22,34,15,14,35,10
20020328,16,22,31,37,14,21
20020404,33,25,24,5,7,37
20020411,22,18,38,24,37,23
20020418,32,36,3,18,35,26
20020425,12,10,7,38,18,15
20020502,20,33,18,25,6,3
20020509,13,7,11,26,29,9
20020516,2,26,32,31,3,12
20020523,20,33,12,29,14,35
20020530,24,37,34,5,26,39
20020606,10,31,37,4,13,26
20020613,21,33,17,18,2,29
20020620,6,39,14,34,38,1
20020627,23,40,22,12,34,37
20020704,27,25,14,15,11,23
20020711,39,3,37,27,30,40
20020718,37,15,31,22,40,17
20020725,22,29,38,8,21,19
20020801,6,12,17,36,33,35
20020808,27,1,28,30,2,34
20020815,12,33,8,36,20,38
20020822,3,12,5,6,23,40
20020829,40,25,39,24,9,5
20020905,17,13,28,6,29,16
20020912,36,28,2,34,38,9
20020919,19,11,23,2,37,35
20020926,18,28,21,35,14,36
20021003,7,26,30,22,13,2
20021010,33,28,17,37,4,12
20021017,26,1,2,35,4,21
20021024,35,20,3,15,1,30
20021031,28,16,22,5,1,6
20021107,27,22,39,38,29,26
20021114,39,22,23,30,35,28
20021121,2,28,37,8,29,13
20021128,15,12,40,29,4,35
20021205,6,38,4,30,32,27
20021212,23,31,6,15,24,20
20021219,27,5,30,36,28,22
20021227,23,11,12,15,35,18
20030109,38,31,7,18,27,20
20030116,1,22,26,17,10,29
20030123,16,36,19,29,14,18
20030130,15,9,33,36,30,5
20030206,29,8,9,20,39,23
20030213,16,30,17,19,14,10
20030220,13,17,24,5,35,14
20030227,20,16,29,5,4,40
20030306,21,22,20,18,25,24
20030313,27,38,23,29,15,32
20030320,8,40,11,28,27,13
20030327,29,4,7,14,15,13
20030403,13,28,22,38,32,15
20030410,15,1,25,17,13,10
20030417,30,5,25,11,6,21
20030424,17,20,7,33,29,31
20030501,11,6,18,35,22,28
20030508,25,26,2,15,32,40
20030515,12,38,28,40,19,18
20030522,15,36,17,28,37,27
20030529,10,29,35,25,8,6
20030605,25,6,29,7,40,28
20030612,6,3,22,32,12,8
20030619,37,19,3,33,27,22
20030626,33,20,34,17,12,25
20030703,14,25,1,31,12,13
20030710,27,2,26,22,12,1
20030717,28,5,6,1,39,37
20030724,19,11,35,16,18,4
20030731,34,37,12,22,33,14
20030807,12,14,22,23,2,30
20030814,28,1,33,20,6,37
20030821,25,27,23,9,15,5
20030828,3,24,31,36,18,30
20030904,20,28,31,9,22,37
20030911,2,13,21,7,3,27
20030918,29,24,18,1,8,28
20030925,13,7,5,1,28,25
20031002,3,8,36,5,25,28
20031009,24,39,33,5,13,37
20031016,19,8,4,1,11,18
20031023,26,29,3,9,4,30
20031030,13,29,5,20,21,35
20031106,34,16,6,11,17,29
20031113,2,34,11,16,9,22
20031120,22,34,20,2,15,17
20031127,10,32,39,40,3,37
20031204,35,10,24,26,32,23
20031211,12,22,18,32,17,36
20031218,25,40,15,34,35,39
20031224,7,30,10,33,24,32
20040108,22,4,8,15,21,6
20040115,7,18,27,3,8,4
20040122,19,39,27,22,8,16
20040129,11,37,34,25,26,15
20040205,16,34,24,14,29,10
20040212,18,13,17,27,4,38
20040219,9,5,20,29,28,17
20040226,3,24,25,5,27,37
20040304,36,37,32,34,23,6
20040311,17,29,40,9,32,33
20040318,7,33,12,27,16,32
20040325,2,34,15,29,5,24
20040401,18,14,11,23,29,20
20040408,31,19,14,16,40,3
20040415,15,28,6,16,3,32
20040422,16,34,37,13,40,12
20040429,22,12,24,39,21,13
20040506,20,26,1,3,14,2
20040513,4,7,1,15,39,16
20040520,24,13,21,32,2,26
20040527,31,24,30,3,18,38
20040603,9,36,5,21,30,4
20040610,4,23,25,14,30,37
20040617,2,7,40,17,9,5
20040624,29,21,33,1,26,12
20040701,33,36,27,14,2,26
20040708,12,35,22,14,29,8
20040715,32,3,33,29,11,16
20040722,37,32,10,35,17,8
20040729,28,12,37,34,14,32
20040805,9,13,8,32,36,34
20040812,34,27,26,28,9,1
20040819,37,1,16,13,18,8
20040826,2,23,18,4,37,19
20040902,28,38,10,3,6,2
20040909,19,5,16,31,32,38
20040916,37,13,33,8,22,32
20040923,21,6,2,20,7,17
20040930,37,31,18,36,23,10
20041007,24,6,13,18,31,28
20041014,4,23,29,14,1,33
20041021,10,18,12,27,32,4
20041028,27,36,14,25,23,12
20041104,8,38,19,7,18,9
20041111,33,34,31,38,15,22
20041118,8,22,17,25,1,12
20041125,18,8,20,9,11,7
20041202,6,35,13,21,11,33
20041209,9,26,24,32,3,40
20041216,9,32,8,4,34,1
20041223,25,15,26,27,22,1
20050106,22,18,29,39,9,31
20050113,23,33,28,25,6,11
20050120,35,37,14,9,39,22
20050127,18,38,15,37,13,25
20050203,21,28,10,34,26,8
20050210,24,20,34,30,32,6
20050217,11,2,22,4,12,35
20050224,30,33,21,14,7,13
20050303,18,31,30,10,38,28
20050310,38,17,21,32,9,1
20050317,38,14,40,28,7,5
20050324,25,35,10,15,14,29
20050331,13,28,5,8,33,32
20050407,8,25,10,16,11,35
20050414,15,21,25,13,4,1
20050421,6,16,9,29,24,27
20050428,14,33,35,13,31,4
20050505,23,3,20,25,30,38
20050512,25,4,27,17,28,15
20050519,1,7,33,28,35,19
20050526,15,21,23,34,10,26
20050602,36,23,11,28,14,24
20050609,15,39,29,28,25,23
20050616,6,17,28,23,22,11
20050623,37,23,38,6,32,14
20050630,32,4,5,18,10,31
20050707,24,18,30,7,19,23
20050714,23,25,22,34,29,36
20050721,28,10,2,24,37,26
20050728,35,26,1,30,21,40
20050804,21,1,3,37,30,14
20050811,30,31,10,21,23,2
20050818,3,10,16,32,2,30
20050825,11,37,19,31,10,18
20050901,9,5,23,12,35,26
20050908,12,6,26,31,16,22
20050915,33,40,7,1,39,11
20050922,26,14,36,1,21,15
20050929,39,9,14,17,29,40
20051006,13,22,24,37,29,39
20051013,26,24,4,2,17,13
20051020,24,28,2,38,31,19
20051027,12,2,17,8,14,32
20051103,27,20,23,40,14,12
20051110,7,2,20,23,34,17
20051117,20,9,3,31,38,27
20051124,19,33,7,39,14,15
20051201,17,36,25,15,18,23
20051208,39,18,15,1,11,20
20051215,22,6,13,7,27,30
20051222,22,21,34,28,25,2
20051229,36,32,7,37,16,30
20060105,39,6,13,26,18,23
20060112,11,21,15,29,10,26
20060119,30,20,29,23,35,19
20060126,34,22,4,12,7,13
20060202,31,7,32,5,29,15
20060209,17,25,32,15,36,13
20060216,5,37,10,39,32,35
20060223,33,7,21,23,11,25
20060302,34,16,35,18,8,22
20060309,34,37,40,4,18,23
20060316,8,14,2,25,36,39
20060323,26,32,4,10,15,3
20060330,15,23,9,29,27,5
20060406,24,1,18,29,37,3
20060413,29,32,27,19,24,36
20060420,17,26,30,34,15,35
20060427,3,10,4,12,21,39
20060504,22,18,7,20,5,24
20060511,27,3,32,8,38,15
20060518,13,26,23,8,28,5
20060525,1,31,30,18,17,39
20060601,30,36,9,13,40,4
20060608,31,37,25,5,6,28
20060615,26,21,31,39,24,28
20060622,29,30,23,15,31,24
20060629,6,11,17,18,27,19
20060706,5,12,10,6,36,15
20060713,3,18,7,36,31,1
20060720,19,23,38,11,10,9
20060727,25,7,8,1,2,19
20060803,39,32,36,21,34,9
20060810,5,1,16,26,28,31
20060817,14,35,39,31,27,28
20060824,34,39,24,17,13,9
20060831,18,14,32,28,33,3
20060907,20,25,13,35,5,10
20060914,16,10,19,17,31,1
20060921,33,24,23,27,22,25
20060928,35,21,29,30,11,28
20061005,23,24,2,18,22,20
20061012,9,13,30,5,21,14
20061019,39,24,3,26,4,28
20061026,3,20,8,30,15,28
20061102,27,2,25,28,11,3
20061109,8,12,25,19,32,10
20061116,26,18,4,28,39,24
20061123,2,19,33,24,20,17
20061130,30,27,14,10,26,24
20061207,23,17,28,14,33,8
20061214,3,40,29,1,15,30
20061221,35,8,31,38,19,23
20061228,37,31,33,19,20,7
20070104,27,10,15,26,17,34
20070111,26,32,20,18,3,31
20070118,24,23,9,34,7,14
20070125,32,15,20,22,27,3
20070201,3,22,35,17,32,33
20070208,37,26,17,21,4,38
20070215,20,9,39,27,21,14
20070222,21,8,2,31,30,35
20070301,14,35,12,4,24,21
20070308,14,18,25,22,7,4
20070315,28,31,3,4,1,8
20070322,20,12,7,25,32,5
20070329,26,17,21,1,33,9
20070405,37,39,5,38,1,34
20070412,3,5,32,20,4,23
20070419,13,23,28,33,14,19
20070426,24,7,38,32,22,30
20070503,3,30,38,23,17,28
20070510,19,3,21,23,40,38
20070517,38,34,11,24,4,2
20070524,14,11,27,2,22,38
20070531,33,37,26,10,15,27
20070607,15,29,26,20,9,27
20070614,9,34,35,29,2,6
20070621,3,39,1,5,28,17
20070628,24,13,1,33,18,37
20070705,26,12,34,7,36,21
20070712,1,22,6,3,13,15
20070719,13,15,40,7,18,1
20070726,35,23,17,20,10,36
20070802,36,6,18,13,8,38
20070809,1,10,37,8,25,3
20070816,36,12,20,27,40,11
20070823,12,5,13,25,10,20
20070830,21,6,16,31,25,8
20070906,14,31,23,5,2,34
20070913,31,16,20,32,9,23
20070920,30,16,22,5,18,20
20070927,23,14,33,13,5,11
20071004,4,25,17,10,3,35
20071011,18,12,24,8,26,16
20071018,1,40,8,6,26,16
20071025,13,21,26,23,9,20
20071101,18,7,36,29,39,8
20071108,2,37,33,36,22,1
20071115,13,37,14,11,35,27
20071122,34,13,27,23,17,20
20071129,17,33,25,39,19,12
20071206,8,20,30,24,21,1
20071213,27,26,29,1,18,20
20071220,26,21,23,12,14,19
20080103,8,15,9,7,16,32
20080110,9,38,24,39,19,16
20080117,16,2,14,6,21,15
20080124,21,9,3,30,1,23
20080131,33,22,8,27,7,29
20080207,26,32,33,13,22,1
20080214,6,25,27,29,5,39
20080221,19,26,34,29,40,37
20080228,37,8,20,24,13,15
20080306,21,32,38,20,5,22
20080313,27,30,24,17,20,9
20080320,7,8,6,32,28,23
20080327,2,29,22,6,21,40
20080403,25,29,3,35,10,18
20080410,25,16,1,6,21,15
20080417,25,36,38,31,32,3
20080424,2,35,26,20,14,28
20080501,2,24,31,10,18,5
20080508,25,39,8,6,32,29
20080515,9,5,6,35,19,13
20080522,30,3,38,18,15,40
20080529,34,6,10,36,20,16
20080605,10,38,39,9,33,30
20080612,7,23,29,1,2,5
20080619,23,32,26,1,25,28
20080626,12,40,37,19,23,35
20080703,29,2,7,36,15,8
20080710,11,3,10,7,33,32
20080717,22,37,38,40,12,29
20080724,38,9,21,19,14,23
20080731,3,16,31,12,2,27
20080807,35,39,31,27,24,12
20080814,5,7,30,40,33,1
20080821,14,35,3,21,38,11
20080828,8,19,6,29,27,18
20080904,37,22,10,8,25,28
20080911,34,37,24,31,11,22
20080918,30,4,2,29,23,11
20080925,18,25,27,35,36,20
20081002,3,18,26,17,20,24
20081009,5,27,18,12,13,23
20081016,36,7,30,8,28,10
20081023,28,8,10,36,20,2
20081030,12,8,7,19,29,2
20081106,22,37,38,36,21,27
20081113,31,9,8,37,18,21
20081120,11,4,19,5,13,9
20081127,26,18,39,31,29,22
20081204,18,15,3,33,20,11
20081211,1,12,15,2,34,11
20081218,32,39,1,35,8,22
20081224,3,30,24,10,18,38
20090108,11,22,12,28,9,20
20090115,14,12,23,28,40,24
20090122,7,14,25,40,39,3
20090129,10,14,9,33,4,32
20090205,6,30,23,3,40,5
20090212,6,26,17,13,34,30
20090219,6,35,1,29,32,37
20090226,37,20,9,26,14,8
20090305,6,38,39,20,1,8
20090312,9,31,36,16,13,15
20090319,20,33,18,13,5,7
20090326,25,6,38,14,33,27
20090402,32,13,16,5,35,19
20090409,33,6,27,12,13,10
20090416,35,20,27,6,24,8
20090423,27,20,3,7,25,30
20090430,2,21,40,35,16,9
20090507,21,33,28,34,19,40
20090514,40,3,31,14,37,11
20090521,28,9,6,7,3,12
20090528,7,3,12,36,5,21
20090604,1,6,25,10,11,5
20090611,10,5,33,4,12,16
20090618,6,34,7,16,22,12
20090625,29,18,40,36,10,32
20090702,16,38,10,17,36,21
20090709,27,22,2,29,40,31
20090716,3,24,9,4,1,14
20090723,16,37,29,20,38,28
20090730,37,13,31,2,27,38
20090806,27,11,29,24,23,32
20090813,20,12,24,7,23,26
20090820,16,14,4,37,13,11
20090827,6,25,24,36,37,30
20090903,1,33,16,30,35,39
20090910,32,36,18,5,19,26
20090917,17,34,2,22,10,24
20090924,9,12,38,15,1,2
20091001,40,12,30,25,20,13
20091008,33,22,1,24,36,17
20091015,32,26,27,31,2,7
20091022,13,11,7,18,24,33
20091029,16,25,31,21,29,27
20091105,9,31,32,18,6,11
20091112,20,12,8,23,11,1
20091119,32,16,4,36,24,27
20091126,19,30,27,34,5,9
20091203,4,21,17,31,15,36
20091210,39,31,6,15,11,2
20091217,24,25,39,32,22,20
20091224,40,13,22,15,7,34
20091231,33,24,4,36,10,13
20100107,21,36,35,6,10,24
20100114,7,1,24,23,30,26
20100121,22,1,23,33,18,29
20100128,28,39,38,16,25,13
20100204,12,36,40,39,5,9
20100211,13,20,18,2,33,31
20100218,39,30,20,29,1,21
20100225,40,11,4,31,15,25
20100304,27,10,6,29,39,7
20100311,15,3,1,12,34,22
20100318,9,19,34,8,27,26
20100325,30,8,17,29,11,23
20100401,29,39,13,34,28,40
20100404,25,7,16,1,2,14
20100408,5,16,30,13,26,27
20100411,3,29,6,34,18,24
20100415,15,10,21,27,2,17
20100418,3,11,30,5,38,19
20100422,30,36,26,35,29,4
20100425,12,15,25,14,5,11
20100429,29,20,35,15,28,9
20100502,24,10,6,1,2,33
20100506,20,7,18,39,29,3
20100509,17,39,20,23,4,27
20100513,23,6,10,15,1,37
20100516,26,13,25,21,7,34
20100520,27,19,9,17,20,32
20100523,36,27,32,8,28,25
20100527,23,8,12,24,32,25
20100530,19,11,6,13,27,22
20100603,3,8,29,13,30,16
20100606,34,29,10,19,23,1
20100610,29,9,6,23,21,13
20100613,30,13,5,38,20,14
20100617,3,8,5,23,9,10
20100620,13,21,2,11,26,38
20100624,36,37,39,31,35,38
20100627,38,29,37,36,15,33
20100701,15,27,7,36,29,31
20100704,13,19,25,10,4,2
20100708,19,29,23,17,31,25
20100711,3,17,31,39,28,24
20100715,40,34,5,8,21,17
20100718,27,3,10,22,19,9
20100722,21,9,14,30,39,8
20100725,22,11,33,8,1,20
20100729,4,32,3,2,15,38
20100801,35,39,21,19,40,6
20100805,15,14,12,20,1,4
20100808,33,8,12,23,22,32
20100812,39,24,4,28,23,38
20100815,15,10,24,40,1,32
20100819,1,32,27,8,6,29
20100822,12,33,32,37,16,11
20100826,10,35,30,40,36,4
20100829,20,36,12,32,24,30
20100902,26,20,21,35,13,29
20100905,37,21,12,34,27,32
20100909,39,20,13,16,22,12
20100912,9,33,5,14,40,16
20100916,14,7,4,23,15,6
20100919,12,27,1,18,20,30
20100923,1,26,35,23,18,30
20100926,28,34,7,38,4,11
20100930,7,37,35,5,19,9
20101003,4,13,18,9,37,26
20101007,20,8,5,30,3,26
20101010,20,6,35,17,10,28
20101014,18,34,28,30,6,22
20101017,21,40,11,5,22,18
20101021,4,5,18,15,40,12
20101024,23,29,9,22,10,3
20101028,11,14,40,16,8,32
20101031,39,8,34,6,38,23
20101104,19,3,27,35,28,39
20101107,29,5,8,1,24,38
20101111,10,34,35,19,9,12
20101114,38,20,22,29,25,17
20101118,11,29,4,34,5,15
20101121,30,35,22,29,13,36
20101125,30,6,12,39,31,40
20101128,24,36,9,29,32,13
20101202,34,22,17,2,31,40
20101205,12,20,17,18,2,30
20101209,31,28,25,35,23,5
20101212,38,21,28,32,1,5
20101216,16,23,10,4,26,15
20101219,21,20,23,17,18,38
20101223,33,24,2,15,23,32
20101230,6,11,28,2,39,14
20110106,6,14,37,5,40,32
20110109,2,31,19,26,5,10
20110113,3,36,31,15,30,18
20110116,34,1,40,35,30,16
20110120,2,40,6,12,34,26
20110123,37,19,30,12,26,9
20110127,17,14,7,4,22,12
20110130,40,1,18,33,9,26
20110203,34,17,29,19,32,31
20110206,16,38,23,34,15,4
20110210,28,23,38,5,36,39
20110213,6,35,24,9,14,34
20110217,23,39,2,1,40,12
20110220,40,14,34,24,26,21
20110224,19,14,36,11,12,32
20110227,28,1,27,8,30,33
20110303,34,39,8,31,27,29
20110306,25,2,21,35,38,22
20110310,6,35,33,28,26,32
20110313,28,7,8,32,23,38
20110317,10,8,28,14,20,6
20110320,30,33,18,39,27,8
20110324,39,24,1,32,7,17
20110327,29,38,31,30,39,25
20110331,18,27,10,22,1,39
20110403,36,33,32,18,29,12
20110407,38,29,13,8,19,18
20110410,6,11,29,4,9,10
20110414,39,36,13,7,11,37
20110417,3,32,25,27,10,8
20110421,12,22,24,8,14,37
20110424,20,23,14,12,33,26
20110428,24,23,5,25,38,36
20110501,22,31,10,15,4,9
20110505,40,2,15,26,11,16
20110508,3,21,6,38,25,16
20110512,24,6,16,13,5,27
20110515,17,11,40,15,1,28
20110519,33,18,34,25,6,15
20110522,20,28,32,39,30,7
20110526,32,36,19,30,34,8
20110529,6,22,17,12,38,30
20110602,10,8,17,33,35,36
20110605,40,35,34,5,18,1
20110609,35,32,25,30,36,23
20110612,9,1,33,4,23,18
20110616,31,39,30,33,18,13
20110619,23,33,13,6,11,7
20110623,10,21,15,18,27,4
20110626,8,33,31,29,15,39
20110630,17,11,30,1,28,10
20110703,37,38,17,12,32,14
20110707,19,36,30,27,34,17
20110710,12,5,20,33,34,26
20110714,35,40,34,24,32,37
20110717,13,17,29,18,24,36
20110721,36,28,34,5,3,31
20110724,35,17,2,25,9,36
20110728,19,1,26,36,38,40
20110731,39,35,11,8,12,3
20110804,35,2,25,7,1,29
20110807,36,28,8,35,19,18
20110811,24,25,19,37,9,12
20110814,17,9,19,16,25,28
20110818,28,13,3,19,20,34
20110821,25,7,33,18,24,9
20110825,34,15,16,14,23,36
20110828,18,36,13,6,30,11
20110901,19,33,20,11,7,35
20110904,17,38,30,13,24,26
20110908,7,14,13,26,38,28
20110911,22,21,13,10,7,4
20110915,16,35,7,8,34,2
20110918,7,39,37,31,28,3
20110922,29,10,18,6,19,21
20110925,11,33,27,7,32,1
20110929,23,16,12,8,39,33
20111002,7,17,3,2,12,21
20111006,29,37,3,17,2,39
20111009,34,37,28,17,25,22
20111013,15,10,25,37,8,16
20111016,24,14,38,12,25,21
20111020,34,36,16,29,21,14
20111023,21,28,20,6,26,3
20111027,6,3,34,28,40,29
20111030,35,24,33,10,13,12
20111103,13,15,30,10,20,21
20111106,27,28,9,4,21,3
20111110,10,5,39,14,21,2
20111113,24,5,16,23,38,22
20111117,10,36,33,8,29,6
20111120,8,20,2,17,3,24
20111124,17,28,36,4,23,16
20111127,17,37,23,5,19,34
20111201,30,22,26,29,5,15
20111204,35,15,19,28,4,31
20111208,9,17,38,31,3,37
20111211,27,23,12,18,1,37
20111215,1,18,16,6,13,39
20111218,23,19,16,17,34,10
20111222,33,39,29,35,9,40
20111230,31,1,7,16,17,15
20111230,40,21,27,7,33,12
20120105,19,21,16,3,35,17
20120108,29,22,8,13,1,33
20120112,4,5,13,24,16,25
20120115,25,17,4,27,19,12
20120119,35,28,21,24,13,12
20120122,30,40,17,13,19,25
20120126,4,2,17,8,40,26
20120129,40,35,3,27,2,11
20120202,14,33,18,25,19,4
20120205,9,24,19,30,16,11
20120209,18,19,15,10,21,9
20120212,7,12,29,30,31,25
20120216,27,16,4,15,19,11
20120219,31,1,40,36,11,19
20120223,28,5,27,12,14,13
20120226,28,6,38,14,2,9
20120301,30,14,19,32,2,23
20120304,22,36,14,24,12,16
20120308,39,38,15,34,33,26
20120311,25,15,37,5,28,22
20120315,32,38,25,39,6,29
20120318,24,10,9,18,11,12
20120322,18,8,3,21,6,12
20120325,21,35,37,5,8,17
20120329,38,36,7,4,40,39
20120401,4,36,39,13,17,34
20120405,13,4,5,6,27,16
20120408,8,32,7,20,26,21
20120415,25,7,39,38,4,21
20120415,20,35,8,29,5,28
20120419,38,25,36,18,6,28
20120422,6,35,11,37,5,21
20120426,40,19,36,3,25,33
20120429,15,5,40,32,3,25
20120503,31,27,19,12,38,13
20120506,26,31,22,23,11,35
20120510,15,24,10,5,23,20
20120513,10,11,35,26,5,19
20120517,20,22,38,17,28,35
20120520,4,40,8,23,13,9
20120524,21,14,34,7,19,18
20120527,18,12,3,4,8,39
20120531,29,21,40,3,32,8
20120603,38,13,16,19,34,6
20120607,20,23,29,12,34,10
20120610,8,19,4,15,32,18
20120614,3,26,30,33,35,11
20120617,23,17,22,15,31,13
20120621,31,28,8,30,11,37
20120624,13,1,8,39,40,24
20120628,29,38,10,4,9,25
20120701,36,7,3,11,37,28
20120705,10,5,32,15,12,4
20120708,19,33,31,9,39,10
20120712,4,1,24,13,5,9
20120715,4,9,11,34,39,28
20120719,7,10,16,6,11,34
20120722,15,1,29,11,12,16
20120726,14,22,27,40,31,8
20120729,34,22,13,12,28,36
20120802,39,11,20,3,16,40
20120805,8,16,11,39,37,30
20120809,11,15,26,18,28,3
20120812,34,23,40,10,7,37
20120816,17,4,2,35,36,31
20120819,36,4,25,26,35,1
20120823,16,27,1,6,25,38
20120826,20,32,23,16,19,12
20120830,13,19,7,21,37,12
20120902,8,39,13,14,34,30
20120906,1,22,31,24,16,14
20120909,29,26,14,38,35,18
20120916,23,25,4,7,39,31
20120916,39,12,10,35,15,40
20120920,9,2,13,16,36,6
20120923,40,4,35,15,29,23
20120927,16,22,15,18,10,14
20120930,8,31,29,7,16,4
20121004,33,36,21,8,3,2
20121007,37,36,2,20,21,4
20121011,21,34,24,28,40,32
20121014,1,34,22,39,13,10
20121018,32,28,30,36,16,9
20121021,40,4,9,6,35,26
20121025,11,25,24,39,13,32
20121028,27,12,13,38,26,11
20121101,6,1,28,30,11,26
20121104,5,9,3,39,19,17
20121108,37,12,16,38,34,35
20121111,13,27,6,29,2,12
20121115,38,17,40,31,37,36
20121118,13,10,15,34,11,5
20121122,36,20,1,6,22,24
20121125,12,2,36,25,22,37
20121129,39,23,7,6,3,4
20121202,36,38,8,6,28,26
20121206,22,25,15,9,13,30
20121209,10,26,34,24,9,39
20121213,2,12,11,34,1,10
20121216,8,14,40,27,29,39
20121220,7,27,20,28,12,22
20121223,31,16,23,37,4,13
20121230,35,3,27,14,5,34
20121230,35,34,14,32,23,31
20130106,28,4,10,29,21,16
20130110,27,28,17,14,34,5
20130113,28,9,32,12,5,6
20130117,36,18,23,24,25,30
20130120,15,11,12,39,22,23
20130124,8,28,3,34,31,2
20130127,25,23,39,16,18,40
20130131,34,12,6,16,38,36
20130203,12,2,23,18,4,39
20130207,9,24,11,36,37,8
20130210,24,8,19,31,6,36
20130214,11,10,28,4,22,2
20130217,37,18,11,38,16,20
20130221,7,30,14,27,26,22
20130224,10,30,37,33,20,27
20130228,8,15,12,20,40,21
20130303,23,16,36,29,9,12
20130307,17,14,27,4,24,25
20130310,38,18,40,24,9,19
20130314,17,12,32,5,18,24
20130317,29,25,39,18,28,27
20130321,19,17,27,33,1,25
20130324,34,13,37,1,25,33
20130328,20,11,34,24,30,25
20130331,1,36,14,4,21,5
20130404,32,12,4,26,39,16
20130407,31,36,27,8,30,13
20130411,4,13,5,22,31,17
20130414,33,12,27,25,34,28
20130418,37,7,29,38,12,19
20130421,2,34,28,11,17,32
20130425,21,9,34,20,29,5
20130428,40,20,19,32,36,39
20130505,37,27,30,26,32,6
20130505,3,27,34,31,36,30
20130509,27,5,38,8,18,10
20130512,8,23,24,31,38,7
20130516,34,14,5,17,12,35
20130519,12,19,38,16,33,2
20130523,2,28,24,25,15,6
20130526,32,8,4,18,20,27
20130530,33,8,2,30,5,25
20130602,10,16,12,39,6,33
20130606,6,21,35,9,25,38
20130609,12,10,16,27,33,29
20130613,29,8,18,13,11,10
20130616,37,34,30,13,8,15
20130620,37,8,36,10,20,12
20130623,28,13,7,30,38,21
20130627,34,10,17,40,24,29
20130630,15,17,24,30,31,23
20130704,14,1,31,35,23,28
20130707,25,33,19,40,17,14
20130711,3,12,27,10,11,28
20130714,32,25,23,10,3,36
20130718,30,36,9,24,21,27
20130721,22,4,26,23,2,7
20130725,9,29,30,3,21,34
20130728,17,19,15,10,29,18
20130801,40,21,39,2,24,34
20130804,22,2,7,37,18,32
20130808,1,21,15,10,17,8
20130811,1,25,22,11,6,15
20130815,36,25,31,39,40,19
20130818,33,13,20,11,32,19
20130822,30,14,8,39,13,33
20130825,7,17,25,19,26,16
20130829,11,18,10,32,16,39
20130901,18,38,27,13,29,4
20130905,22,36,31,34,7,13
20130908,23,3,35,33,4,31
20130915,39,17,1,28,20,6
20130915,14,7,40,37,28,3
20130919,8,9,3,33,6,38
20130922,28,37,16,40,10,9
20130926,14,32,1,9,29,15
20130929,10,31,2,23,13,21
20131003,11,5,16,36,26,24
20131006,37,11,30,14,4,19
20131010,4,33,26,16,8,20
20131013,2,16,31,24,22,30
20131017,40,28,2,37,29,14
20131020,6,20,38,13,3,25
20131024,16,8,31,32,23,40
20131027,38,20,24,17,6,33
20131031,30,26,1,17,34,29
20131103,11,5,10,36,2,16
20131107,20,14,12,15,31,39
20131110,25,32,38,2,16,18
20131114,39,37,11,33,19,40
20131117,3,10,38,34,20,35
20131121,38,11,32,37,4,30
20131124,15,8,10,36,16,31
20131128,35,34,11,31,30,37
20131201,38,24,6,22,4,30
20131205,10,20,37,9,12,35
20131208,6,11,20,24,14,15
20131212,4,39,26,36,1,32
20131215,31,9,14,18,4,38
20131219,26,9,14,29,40,27
20131222,20,2,32,31,38,10
20131230,3,16,34,37,39,30
20131230,4,18,25,16,40,8
20140105,26,3,12,1,19,9
20140109,29,31,36,5,8,22
20140112,4,6,18,17,29,33
20140116,24,2,23,19,27,35
20140119,8,33,4,40,27,17
20140123,30,40,16,7,22,27
20140126,12,9,22,40,10,6
20140130,25,22,36,5,7,24
20140202,15,28,10,4,33,16
20140206,18,8,9,5,31,16
20140209,5,22,19,35,15,24
20140213,26,21,27,34,18,38
20140216,39,6,30,16,40,32
20140220,26,24,38,31,9,25
20140223,33,27,36,23,15,17
20140227,3,36,6,38,1,15
20140302,34,21,38,4,29,22
20140306,24,39,34,5,38,1
20140309,1,29,12,6,33,23
20140313,24,17,3,36,9,21
20140316,11,23,21,12,24,32
20140320,26,20,7,22,40,21
20140323,13,14,38,40,34,18
20140327,33,18,1,5,29,26
20140330,22,25,26,23,14,6
20140403,16,12,31,36,1,22
20140406,33,1,30,34,3,27
20140410,31,1,33,14,40,39
20140413,16,10,11,14,30,13
20140420,23,16,5,4,31,9
20140420,9,20,14,3,4,22
20140424,18,3,14,28,15,32
20140427,22,3,8,34,32,28
20140501,5,9,2,23,12,40
20140504,19,12,40,22,39,23
20140508,2,35,26,19,23,33
20140511,25,20,4,15,31,35
20140515,8,36,7,24,15,14
20140518,36,26,20,37,30,16
20140522,7,15,29,6,12,34
20140525,22,33,12,26,40,2
20140529,25,21,20,22,16,40
20140601,4,40,36,34,28,15
20140605,28,16,7,18,1,4
20140608,32,4,28,14,26,33
20140612,9,20,8,19,16,18
20140615,2,14,18,8,11,13
20140619,11,22,35,10,7,16
20140622,24,5,36,6,25,40
20140626,18,28,10,26,32,38
20140629,18,19,2,20,35,9
20140703,30,18,1,31,11,9
20140706,21,24,3,4,6,33
20140710,10,22,1,39,3,28
20140713,30,1,11,29,3,14
20140717,4,24,7,3,19,21
20140720,26,36,13,1,39,4
20140724,37,11,5,15,2,13
20140727,40,31,6,18,12,25
20140731,15,31,4,22,8,3
20140803,9,35,23,29,11,22
20140807,11,16,23,36,33,30
20140810,19,26,33,32,2,9
20140814,15,17,38,16,22,33
20140817,21,26,9,11,24,18
20140821,4,16,9,35,34,18
20140824,12,6,9,19,2,34
20140828,18,19,1,9,14,29
20140831,39,26,37,2,22,17
20140904,34,2,29,9,3,6
20140907,20,10,12,21,14,22
20140914,6,23,37,31,2,4
20140914,38,30,40,26,29,18
20140918,12,33,10,23,13,6
20140921,39,9,19,24,37,33
20140925,15,22,14,4,33,10
20140928,15,19,9,2,16,26
20141002,30,16,32,5,36,14
20141005,8,22,6,38,12,19
20141009,13,11,10,23,32,2
20141012,10,19,28,5,33,17
20141016,20,37,28,36,27,31
20141019,37,6,17,11,40,32
20141023,20,30,9,33,36,13
20141026,29,5,4,10,7,8
20141030,31,40,27,35,28,25
20141102,33,2,8,38,35,25
20141106,18,1,9,24,4,37
20141109,34,9,38,17,6,26
20141113,16,38,22,23,30,24
20141116,4,11,9,10,5,15
20141120,1,27,11,36,33,15
20141123,4,26,20,29,37,30
20141127,32,37,19,4,36,21
20141130,31,11,29,6,8,34
20141204,1,26,2,4,40,3
20141207,12,10,31,9,6,39
20141211,14,40,12,15,37,18
20141214,3,21,12,8,16,33
20141218,15,19,35,2,28,27
20141221,34,29,32,40,8,13
20141230,9,11,38,1,21,3
20141230,28,16,34,24,23,13
20150111,31,1,37,30,16,27
20150115,18,6,22,12,7,25
20150118,4,34,25,14,36,20
20150122,3,10,39,1,12,21
20150125,19,9,17,20,15,10
20150129,2,24,11,20,39,12
20150201,4,37,16,18,26,25
20150205,14,11,32,16,2,4
20150208,9,13,6,28,37,34
20150212,9,30,18,28,36,6
20150215,20,5,12,39,27,31
20150219,26,5,12,9,23,38
20150222,10,23,19,26,11,33
20150226,8,13,29,17,22,4
20150301,31,30,8,25,4,29
20150301,32,36,12,19,5,39
20150305,19,4,35,22,34,15
20150308,37,8,5,11,4,21
20150312,14,3,13,34,7,39
20150315,18,14,13,28,32,19
20150319,24,10,21,23,30,14
20150322,8,11,26,39,35,20
20150326,29,39,20,26,30,9
20150329,32,36,34,27,8,37
20150402,4,16,10,30,37,32
20150405,11,34,4,33,8,12
20150409,37,16,22,8,13,10
20150412,33,39,35,23,16,18
20150412,38,8,5,6,37,30
20150416,38,11,16,15,31,21
20150419,22,31,3,2,1,7
20150423,32,7,11,15,18,29
20150426,29,14,35,38,1,24
20150430,39,11,15,33,24,18
20150503,16,26,36,6,11,33
20150507,19,23,36,34,32,11
20150510,12,1,35,32,15,38
20150514,22,16,35,13,3,5
20150517,24,32,4,3,15,40
20150521,15,40,34,21,24,3
20150524,17,2,29,27,32,30
20150528,13,25,26,11,1,31
20150531,21,36,28,12,24,4
20150604,9,35,16,20,5,33
20150607,37,26,14,36,34,1
20150611,14,5,22,15,26,34
20150614,2,21,29,18,13,5
20150618,8,24,30,7,1,31
20150621,6,12,5,9,19,33
20150625,16,4,23,21,36,28
20150628,4,34,39,31,30,3
20150702,8,26,7,25,36,23
20150705,33,24,2,26,20,16
20150709,36,17,39,2,18,30
20150712,22,13,31,34,6,3
20150716,26,35,27,4,17,23
20150719,33,34,37,21,18,7
20150723,14,4,8,40,20,2
20150726,21,36,30,34,24,33
20150730,14,2,4,39,12,15
20150802,25,38,30,34,36,37
20150806,26,19,7,29,27,14
20150809,6,29,13,30,4,1
20150813,34,3,37,19,16,1
20150816,20,34,7,27,11,32
20150820,33,7,26,27,24,18
20150823,30,10,6,2,32,25
20150827,26,22,5,12,24,16
20150830,26,25,37,16,6,35
20150903,27,2,9,15,3,4
20150906,20,25,14,3,19,4
20150913,7,24,22,32,38,26
20150913,18,24,38,40,4,28
20150917,25,11,37,34,4,38
20150920,19,25,21,3,13,17
20150924,39,25,4,20,30,14
20150927,34,7,9,10,17,14
20151001,11,8,2,9,20,14
20151004,35,4,3,20,17,1
20151008,37,7,9,25,40,22
20151011,13,15,30,16,40,23
20151015,1,21,35,9,2,28
20151018,18,12,31,23,2,39
20151022,9,27,28,5,35,17
20151025,3,9,7,23,30,4
20151029,7,6,9,21,1,10
20151101,1,40,36,39,10,32
20151105,35,22,26,12,34,36
20151108,15,19,8,4,22,37
20151112,5,39,19,22,13,23
20151115,14,29,2,33,15,9
20151119,19,6,16,31,34,4
20151122,37,10,33,27,22,13
20151126,25,20,15,40,33,16
20151129,12,35,32,23,40,15
20151203,33,5,16,4,24,18
20151206,9,29,25,31,38,16
20151210,23,34,20,39,28,11
20151213,32,5,24,6,13,9
20151217,9,6,22,38,25,36
20151220,36,13,16,17,8,9
20151230,23,28,36,1,14,33
20151230,21,32,25,39,30,28
20160107,10,29,9,28,16,14
20160110,4,23,37,21,35,16
20160114,4,30,7,5,25,22
20160117,24,10,31,19,13,5
20160121,5,7,39,32,23,30
20160124,33,27,30,12,25,9
20160128,4,24,31,34,22,37
20160131,37,24,1,19,5,22
20160204,15,29,8,36,7,11
20160207,18,15,5,7,38,12
20160211,39,9,3,17,38,30
20160214,14,15,32,38,17,4
20160218,24,20,30,2,36,18
20160221,33,8,1,37,21,3
20160225,27,38,26,23,25,18
20160228,26,30,33,10,40,22
20160303,15,19,31,2,17,12
20160306,7,30,17,4,23,1
20160306,28,40,35,9,26,10
20160310,5,35,22,8,14,1
20160313,10,32,6,19,24,15
20160317,31,25,21,13,27,14
20160320,6,22,3,27,13,17
20160324,8,16,3,30,40,35
20160327,1,9,4,10,16,37
20160331,26,25,40,6,39,36
20160403,16,3,38,27,5,11
20160407,32,16,5,27,7,22
20160410,27,21,36,39,5,10
20160414,22,16,34,20,2,11
20160417,22,11,9,37,32,2
20160421,38,7,12,9,2,13
20160424,38,27,26,14,16,1
20160501,20,21,11,23,33,26
20160501,37,29,19,38,28,4
20160505,29,10,30,33,12,4
20160508,9,33,20,12,11,36
20160512,7,31,17,10,36,18
20160515,32,5,3,1,2,36
20160519,28,19,18,8,27,6
20160522,16,14,4,18,31,32
20160526,19,34,7,6,16,18
20160529,39,26,6,25,38,19
20160602,8,25,4,29,13,23
20160605,39,38,25,22,36,10
20160609,14,29,5,28,10,13
20160612,16,8,28,29,30,34
20160616,21,18,12,37,20,13
20160619,32,36,17,10,5,16
20160623,25,30,13,7,11,10
20160626,13,26,11,4,15,21
20160630,23,17,37,24,7,19
20160703,26,22,31,14,28,30
20160707,2,21,11,39,16,28
20160710,5,31,21,9,34,26
20160714,23,7,26,27,32,5
20160717,39,20,29,25,34,32
20160721,35,18,19,24,28,9
20160724,12,25,16,4,23,6
20160728,7,8,22,12,6,30
20160731,11,1,25,10,20,13
20160804,3,7,9,8,31,15
20160807,31,5,37,40,25,30
20160811,19,11,24,28,10,16
20160814,10,33,12,26,34,15
20160818,30,1,15,35,31,6
20160821,18,23,19,5,7,25
20160825,7,28,26,33,8,3
20160828,34,32,14,31,22,7
20160901,12,10,19,27,2,9
20160904,31,35,33,38,20,23
20160908,33,11,25,17,34,12
20160911,19,30,2,36,27,16
20160915,7,17,23,30,12,8
20160918,6,25,3,38,5,4
20160918,1,29,26,13,8,9
20160922,38,12,26,19,35,4
20160925,26,4,2,5,13,27
20160929,40,39,16,24,23,17
20161002,32,10,40,2,38,33
20161006,21,30,38,25,24,2
20161009,31,25,10,29,16,30
20161013,40,9,11,18,16,39
20161016,4,38,6,23,36,31
20161020,14,30,7,2,8,33
20161023,11,18,16,13,3,38
20161027,24,20,22,39,17,4
20161030,7,1,4,17,33,30
20161103,15,34,25,17,2,11
20161106,4,1,26,20,14,21
20161110,26,13,38,29,15,8
20161113,12,29,4,23,7,24
20161117,32,3,20,17,36,23
20161120,19,35,1,39,27,34
20161124,37,19,20,36,33,16
20161127,6,29,4,23,28,11
20161204,30,36,23,31,28,2
20161208,29,40,34,24,13,20
20161211,19,27,21,35,29,22
20161215,36,14,5,19,4,26
20161218,20,37,30,26,15,35
20161222,26,32,15,38,1,27
20161231,17,21,6,4,37,3
20161231,2,27,33,1,21,3
20170105,13,34,31,3,17,5
20170108,36,30,29,22,9,10
20170112,17,29,25,24,16,13
20170115,4,10,29,11,31,20
20170119,21,22,25,24,33,27
20170122,20,2,15,31,14,24
20170126,15,38,4,27,11,32
20170129,32,10,24,31,33,18
20170202,14,20,8,33,6,27
20170205,40,36,29,35,17,32
20170209,33,30,7,22,26,12
20170212,4,13,37,36,15,3
20170216,3,22,4,20,1,26
20170219,34,39,20,26,36,4
20170223,39,14,27,33,37,30
20170226,19,24,4,6,28,3
20170302,9,27,15,17,5,25
20170305,20,32,6,25,31,2
20170305,32,26,36,5,22,4
20170309,2,11,12,1,20,39
20170312,31,21,2,8,35,14
20170316,15,37,7,19,16,28
20170319,38,12,28,2,9,40
20170323,39,4,37,18,13,19
20170326,23,11,9,2,21,29
20170330,6,20,22,7,12,5
20170402,7,4,6,24,36,12
20170406,19,32,13,12,8,5
20170409,7,5,27,29,38,12
20170416,1,10,14,3,12,36
20170416,35,19,20,3,10,29
20170420,19,23,9,32,33,18
20170423,6,40,34,35,19,28
20170427,30,8,39,25,11,35
20170430,10,5,39,13,35,14
20170504,4,12,13,29,10,15
20170507,22,3,24,35,29,7
20170511,15,23,18,40,35,29
20170514,25,10,24,19,7,38
20170518,11,8,16,34,19,37
20170521,24,30,12,10,37,7
20170525,6,22,5,15,18,2
20170528,3,8,28,31,25,38
20170601,20,2,21,5,35,16
20170604,25,21,12,29,7,13
20170608,18,30,38,28,37,32
20170611,36,13,3,35,17,11
20170615,34,31,16,22,11,21
20170618,23,21,3,40,34,15
20170622,38,29,33,7,35,8
20170625,21,26,29,12,13,3
20170629,39,38,6,20,23,3
20170702,36,27,1,15,33,22
20170706,4,33,11,6,29,18
20170709,19,8,1,21,32,17
20170713,7,34,12,38,15,10
20170716,27,22,13,10,4,1
20170720,17,2,31,33,22,34
20170723,5,39,15,12,20,6
20170727,37,25,2,32,27,40
20170730,25,39,26,28,34,2
20170803,18,4,30,9,5,10
20170806,8,38,1,25,33,20
20170810,26,16,12,22,19,6
20170813,19,39,25,17,35,23
20170813,22,30,25,36,34,3
20170817,21,6,24,22,10,30
20170820,10,32,29,33,21,30
20170824,2,22,27,12,8,25
20170827,34,4,39,30,38,28
20170831,39,6,26,29,5,13
20170903,18,12,26,14,15,30
20170907,38,13,8,37,3,31
20170910,10,31,9,11,34,8
20170917,37,33,18,13,25,20
20170917,38,14,8,37,36,27
20170921,14,2,38,35,17,28
20170924,12,27,2,35,37,7
20170928,24,2,32,6,19,30
20171001,6,35,40,3,4,28
20171005,24,30,36,3,34,9
20171008,15,12,34,33,30,13
20171012,31,32,6,35,29,18
20171015,13,35,24,7,5,39
20171019,2,8,12,24,34,29
20171022,24,14,39,3,27,22
20171026,25,34,4,37,35,3
20171029,29,32,5,37,4,30
20171102,27,30,35,40,38,17
20171105,27,26,19,38,20,37
20171109,27,13,10,3,39,5
20171112,16,37,33,27,11,14
20171116,40,22,3,18,19,36
20171119,7,26,14,35,6,12
20171123,25,23,38,37,27,16
20171126,4,25,31,27,40,38
20171130,4,21,31,40,19,29
20171203,12,39,16,36,6,8
20171207,40,29,7,37,20,33
20171210,11,4,16,39,10,37
20171214,10,26,11,40,16,15
20171217,31,20,26,37,6,4
20171221,21,6,35,31,24,9
20171224,33,38,24,13,6,22
20171231,17,28,20,37,24,23
20171231,15,6,1,19,10,13
20180104,3,36,6,20,2,24
20180107,37,27,29,18,22,7
20180111,39,11,14,20,9,23
20180114,2,22,23,10,24,33
20180118,24,12,33,27,6,32
20180121,34,6,27,39,18,23
20180125,8,14,2,17,10,1
20180128,11,33,13,14,16,10
20180201,2,25,20,1,40,35
20180204,1,18,27,39,34,30
20180208,8,31,38,24,34,27
20180211,40,8,12,26,30,29
20180215,17,29,8,10,14,6
20180218,22,16,23,29,6,38
20180222,15,21,1,34,6,7
20180225,32,14,29,1,10,12
20180301,35,20,4,12,24,7
20180304,30,17,6,15,40,8
20180304,7,4,3,37,1,22
20180308,17,28,29,24,16,21
20180311,16,36,4,20,34,21
20180315,36,12,26,5,25,11
20180318,5,25,28,37,23,36
20180322,17,1,26,8,9,35
20180325,31,1,17,8,7,3
20180329,3,4,16,31,13,30
20180401,36,2,20,5,25,27
20180408,2,35,40,28,37,34
20180408,38,37,13,35,14,40
20180412,34,7,26,13,14,23
20180415,21,13,27,37,36,32
20180419,22,31,8,29,28,14
20180422,20,21,9,6,15,14
20180426,8,5,6,26,10,31
20180429,19,39,25,22,31,10
20180503,19,3,17,5,14,4
20180506,35,4,28,11,19,15
20180510,36,6,27,18,5,2
20180513,22,35,23,10,39,8
20180517,14,15,36,1,18,39
20180520,7,32,25,18,20,30
20180524,34,35,21,9,19,40
20180527,39,19,11,30,15,26
20180531,11,10,17,32,18,15
20180603,2,8,23,6,31,39
20180607,8,28,19,31,30,33
20180610,36,28,2,20,16,32
20180614,35,27,16,13,23,40
20180617,14,4,22,13,15,38
20180621,34,17,24,2,25,7
20180624,37,14,36,3,30,25
20180628,36,11,2,4,7,38
20180701,20,17,16,15,8,3
20180705,37,23,3,34,40,36
20180708,35,40,37,21,11,3
20180712,34,7,33,37,6,21
20180715,29,34,16,21,14,8
20180719,19,12,21,39,1,23
20180722,1,2,26,14,13,24
20180726,14,23,30,32,20,34
20180729,18,14,2,16,21,7
20180802,31,20,24,7,19,13
20180805,22,6,15,10,1,18
20180809,23,21,38,35,28,9
20180812,14,6,16,17,8,30
20180816,27,16,20,25,5,8
20180819,9,17,31,36,4,25
20180823,40,18,33,32,34,14
20180826,1,10,12,13,35,36
20180830,35,21,27,37,32,7
20180902,18,17,15,37,36,6
20180906,21,27,33,18,39,20
20180909,26,31,20,13,37,9
20180913,36,10,26,5,13,16
20180916,1,19,4,31,23,26
20180916,36,2,11,4,39,8
20180920,36,38,32,30,6,21
20180923,18,23,6,40,38,16
20180927,6,16,8,30,18,33
20180930,5,8,14,6,31,17
20181004,30,26,12,24,25,14
20181007,29,25,14,10,33,40
20181011,20,22,16,1,6,33
20181014,19,30,33,23,2,25
20181018,6,14,17,23,20,31
20181021,35,13,15,11,26,12
20181021,26,8,6,33,31,11
20181025,9,24,16,14,32,30
20181028,1,26,12,23,22,6
20181101,29,16,22,6,30,13
20181104,22,30,9,25,34,10
20181108,19,32,29,26,1,27
20181111,11,32,28,33,26,36
20181115,9,23,36,16,10,35
20181118,30,28,12,14,37,3
20181118,8,36,18,26,13,28
20181122,3,5,38,19,4,2
20181125,36,13,15,27,32,28
20181129,11,39,10,14,36,1
2018122,22,40,6,20,34,35
2018122,35,11,7,37,9,32
2018126,21,15,10,12,31,26
2018129,14,2,15,13,36,4
20181213,27,4,34,20,12,35
20181216,4,30,33,19,28,2
20181220,32,3,21,17,12,35
20181223,20,3,33,4,24,2
20181231,38,1,33,13,35,10
2019016,38,29,39,18,8,2
20190110,37,14,12,21,1,36
20190113,8,30,7,20,29,24
20190117,28,27,4,19,9,14
20190120,31,11,13,1,19,8
20190124,23,18,4,17,37,6
20190127,18,22,17,38,40,1
20190131,15,24,14,32,29,3
2019023,21,1,27,20,8,40
2019027,11,20,39,3,34,12
20190210,8,2,21,32,12,10
20190214,26,18,37,7,38,22
20190217,31,25,3,9,39,24
20190221,23,9,31,29,28,39
20190224,30,4,16,13,37,7
20190228,6,18,25,14,12,21
2019033,34,2,23,3,13,29
2019037,16,9,24,2,3,12
20190310,29,14,31,12,16,34
20190314,37,40,14,15,39,5
20190317,23,16,18,3,27,37
20190321,29,2,11,26,18,23
20190324,20,16,7,37,36,2
20190328,7,35,33,22,20,1
20190331,33,30,36,18,37,22
2019044,2,14,12,24,36,22
2019047,37,19,34,29,21,22
20190411,14,26,1,36,18,39
20190414,23,24,33,25,26,39
20190418,20,35,38,13,19,5
20190421,4,26,33,34,32,14
20190427,36,10,8,32,38,4
20190427,14,29,35,3,32,18
2019052,34,11,22,30,2,25
2019055,15,8,21,35,17,33
2019059,36,3,14,7,30,21
20190512,19,39,11,4,21,18
20190516,19,2,6,29,34,27
20190519,22,2,25,5,31,12
20190523,17,19,24,25,14,6
20190526,11,37,24,6,40,15
20190530,18,7,31,33,24,39
2019062,11,18,40,17,22,37
2019066,13,22,18,28,8,32
2019069,24,11,6,33,29,27
20190613,18,16,1,29,5,30
20190616,37,4,22,11,31,9
20190620,39,20,1,29,33,8
20190623,4,26,32,15,39,19
20190627,20,9,24,36,17,5
20190630,39,12,6,28,7,40
2019074,2,13,4,38,25,31
2019077,26,30,34,29,23,17
20190711,11,34,30,32,29,25
20190714,31,27,30,34,19,35
20190718,30,19,6,20,26,28
20190721,18,39,36,1,29,40
20190725,29,30,1,40,16,19
20190728,36,12,18,33,24,3
2019081,21,35,34,19,18,5
2019084,36,10,5,40,20,6
2019088,13,22,37,11,16,25
20190811,26,32,35,22,40,38
20190815,25,3,33,11,21,4
20190818,8,30,27,34,13,3
20190822,6,9,33,39,15,26
20190825,18,29,21,35,36,2
20190829,1,39,40,22,2,28
2019091,32,37,18,30,27,40
2019095,17,4,31,35,33,38
2019098,4,7,3,17,5,40
20190912,31,5,38,24,34,13
20190915,20,14,16,36,11,13
20190915,25,28,22,5,17,20
20190919,5,12,34,31,37,28
20190922,30,19,40,25,35,12
20190926,28,5,21,25,20,37
20190929,35,11,2,39,24,33
2019103,9,7,14,17,40,4
2019106,31,12,37,28,24,17
20191010,5,6,12,32,30,14
20191013,22,30,12,24,8,9
20191017,3,7,36,33,34,12
20191020,18,30,8,6,9,33
20191024,1,14,24,12,23,16
20191027,39,1,19,34,26,14
20191031,14,32,20,4,34,23
2019113,29,17,38,2,11,35
2019117,1,17,24,12,10,21
20191110,10,24,26,1,33,20
20191114,33,28,6,37,1,40
20191117,19,29,2,8,38,39
20191121,4,38,19,25,11,12
20191124,39,40,34,8,5,19
20191128,38,24,37,34,39,7
2019121,3,6,20,24,21,30
2019121,15,24,3,39,33,5
2019125,31,14,33,22,28,29
2019128,5,31,20,34,15,3
20191212,29,10,19,5,16,23
20191215,10,5,12,26,34,27
20191219,28,27,39,6,30,10
20191222,2,12,5,38,4,21
20191231,33,21,29,1,23,39
20191231,10,29,23,33,30,1
20200105,38,13,11,26,2,36
20200109,3,9,5,10,33,15
20200112,12,32,13,19,31,40
20200116,33,9,12,32,6,27
20200119,38,18,29,34,22,13
20200123,40,8,2,28,14,34
20200126,7,20,23,14,22,30
20200130,10,32,9,34,7,1
20200202,22,26,23,40,2,35
20200206,2,29,34,25,40,17
20200209,31,11,21,22,33,20
20200213,6,15,38,5,13,27
20200216,30,32,17,4,39,14
20200220,4,31,17,23,37,1
20200223,2,31,8,13,12,35
20200227,28,33,8,38,39,14
2020031,27,22,33,18,6,10
2020035,35,38,3,2,21,13
2020038,20,13,3,26,35,32
2020038,5,1,33,29,20,13
20200312,32,36,39,18,5,20
20200315,30,2,26,20,28,7
20200319,20,31,18,2,12,34
20200621,33,8,20,14,22,2
20200625,20,1,29,10,27,31
20200628,36,10,25,5,38,39
2020072,5,16,17,22,34,9
2020075,23,2,30,14,9,28
2020079,23,39,9,15,33,3
20200712,8,17,5,38,32,9
20200716,8,14,22,18,36,25
20200719,4,23,9,1,16,34
20200723,32,39,24,13,30,6
20200726,21,11,34,36,3,18
20200730,14,20,40,16,24,4
2020082,2,25,13,28,8,30
20200806,3,37,11,32,8,5
2020089,24,31,3,26,16,20
20200813,4,36,16,1,28,27
20200816,37,21,34,10,28,38
20200820,17,29,28,23,2,8
20200823,24,21,28,33,8,16
20200827,12,18,5,30,31,6
20200830,28,6,29,15,21,31
2020093,5,9,8,29,40,13
2020096,26,30,18,36,25,5
20200910,35,25,9,21,26,17
20200913,36,29,20,35,16,21
20200913,14,19,10,37,21,40
20200917,32,37,39,11,19,9
20200920,25,3,38,14,27,33
20200924,29,7,35,11,17,13
20200927,39,25,12,14,28,1
2020101,14,9,19,1,28,27
2020104,25,15,28,11,32,21
2020108,33,19,39,21,36,14
20201011,18,12,20,30,24,26
20201015,10,36,31,13,12,40
20201018,36,20,37,17,26,10
20201022,2,3,1,15,6,16
20201025,6,1,18,29,15,3
20201029,7,24,21,27,6,28
2020111,38,29,40,36,8,2
2020115,21,10,1,35,4,22
2020118,23,11,18,3,27,22
20201112,21,31,40,29,7,28
20201115,38,17,3,33,40,11
20201119,17,13,40,30,16,8
20201122,20,5,13,12,18,15
20201126,6,18,32,10,36,31
20201129,12,23,10,19,13,30
2020123,8,14,21,39,20,36
2020126,21,3,20,9,16,28
2020126,25,38,39,18,22,21
20201210,32,34,9,23,6,38
20201213,13,2,8,28,25,16
20201217,26,16,9,3,23,33
20201220,28,27,38,34,29,4
20201224,40,27,25,28,3,6
20201231,24,10,25,4,7,3
20201231,19,36,30,4,28,26
20210103,17,25,32,15,19,20
20210107,12,11,33,36,7,35
20210110,15,2,38,16,21,3
20210114,34,14,1,10,2,20
20210117,35,2,26,21,13,23
20210121,4,22,5,40,9,21
20210124,31,34,2,1,3,7
20210128,3,20,28,24,37,31
20210131,28,9,21,24,40,12
20210204,8,14,39,33,5,36
2021027,5,13,32,29,30,12
20210211,25,6,16,34,33,40
20210214,24,19,5,33,7,36
20210218,25,28,6,13,34,17
20210221,25,26,13,11,14,24
20210225,32,30,18,19,4,11
20210228,22,16,28,11,15,30
20210304,1,15,28,6,36,30
20210307,20,5,21,7,38,28
20210307,34,27,33,18,5,16
20210311,7,37,34,35,40,15
20210314,13,31,30,9,38,18
20210318,18,21,20,9,34,25
20210321,18,39,25,19,24,27
20210325,16,15,8,27,34,5
20210328,35,12,19,23,7,16
20210401,17,10,7,25,37,39
20210404,25,18,40,36,24,31
20210408,19,21,28,20,32,37
20210411,34,38,35,31,16,5
20210415,16,18,30,36,1,37
20210418,23,22,3,14,19,20
20210422,11,14,26,18,4,37
20210425,19,7,38,34,15,11
20210501,24,2,29,17,26,40
20210501,23,20,18,30,26,40
20210506,10,34,36,37,38,1
20210509,34,29,18,21,4,22
20210513,22,7,13,1,35,12
20210516,14,5,31,21,7,37
20210520,27,6,40,36,21,16
20210523,37,2,28,12,16,5
20210527,10,1,6,12,15,17
20210530,9,28,18,15,7,29
20210603,36,25,39,19,18,27
20210606,21,4,34,6,27,13
20210610,6,34,39,8,33,21
20210613,1,10,36,16,37,19
20210617,12,21,16,3,5,37
20210620,19,39,4,26,2,23
20210624,22,33,38,18,13,14
20210627,35,10,30,40,25,37
20210701,10,19,40,15,9,16
20210704,21,32,16,40,22,3
20210708,27,10,19,40,26,20
20210711,11,20,21,3,37,29
20210715,16,23,5,12,26,32
20210718,16,7,27,40,23,1
20210722,8,14,32,26,38,9
20210725,18,2,24,4,40,1
20210729,4,21,20,9,33,11
20210801,36,18,2,29,8,25
20210805,34,12,11,20,19,5
20210808,11,35,25,4,27,24
20210812,3,33,25,13,17,20
20210815,8,37,12,9,7,4
20210819,2,9,30,21,8,26
20210822,28,29,37,33,27,30
20210826,16,12,39,24,17,40
20210829,4,18,7,14,37,33
20210902,32,31,27,36,7,14
20210905,9,23,38,20,24,18
20210909,3,9,28,10,35,23
20210912,2,24,8,29,13,37
20210912,37,27,32,10,1,3
20210916,8,14,31,26,19,20
20210919,18,21,31,20,2,16
20210923,38,1,9,35,37,22
20210926,39,26,23,7,32,8
20210930,28,24,18,33,17,5
20211003,34,37,31,28,9,13
20211007,16,15,7,39,36,13
20211010,31,18,11,19,24,27
20211014,37,34,7,29,8,18
20211017,23,14,25,15,5,21
20211021,39,20,12,34,24,36
20211024,3,15,36,22,1,17
20211028,38,11,29,19,24,8
20211031,40,31,39,38,1,13
20211104,36,22,5,23,3,19
20211107,40,1,37,35,10,39
20211111,39,14,13,20,25,8
20211114,5,32,26,8,16,9
20211118,25,6,18,33,3,27
20211121,35,9,33,22,1,18
20211125,34,22,6,25,7,19
20211128,18,37,36,40,3,26
20211205,31,39,37,29,21,22
20211205,18,35,31,30,32,25
20211209,15,35,33,4,38,24
20211212,32,35,25,33,36,6
20211216,32,3,6,12,28,17
20211219,19,25,29,20,7,10
20211224,9,12,19,1,40,33
20211231,2,8,32,27,12,11
20211231,12,21,13,25,1,24
20220106,10,27,33,3,2,26
20220109,35,37,3,36,1,4
20220113,1,32,19,40,26,23
20220116,8,1,36,17,23,38
20220120,10,9,19,16,40,7
20220123,30,4,3,17,18,36
20220127,20,30,1,8,39,18
20220130,16,35,15,8,5,25
20220203,28,16,4,35,27,3
20220206,1,17,6,40,2,30
20220210,8,26,10,37,36,29
20220213,6,15,23,29,1,27
20220217,29,31,2,3,1,19
20220220,2,19,28,12,5,34
20220227,1,20,23,29,11,17
20220303,25,30,23,37,40,22
20220306,9,2,26,15,21,14
20220306,26,35,3,25,7,36
20220310,19,2,36,38,16,29
20220313,29,9,16,20,2,22
20220317,40,3,5,23,20,10
20220320,26,3,20,5,31,11
20220324,32,6,15,35,31,27
20220327,30,27,31,6,24,33
20220331,33,24,26,17,19,6
20220403,32,16,20,4,30,35
20220407,15,8,19,34,26,24
20220410,2,28,36,14,12,19
20220414,9,23,13,20,29,15
20220417,35,19,15,3,6,1
20220423,5,19,25,14,17,32
20220423,24,17,30,37,27,28
20220428,21,20,40,37,23,12
20220501,2,7,34,10,1,16
20220505,30,37,6,18,21,11
20220508,17,23,5,22,10,16
20220512,13,37,33,19,14,24
20220515,33,17,4,31,24,26
20220519,28,25,20,21,24,19
20220522,22,32,27,19,6,26
20220526,16,33,15,18,13,17
20220529,6,26,28,20,12,34
20220602,4,1,10,29,34,40
20220605,19,20,30,13,22,1
20220609,35,31,36,26,8,20
20220612,12,26,5,7,29,14
20220616,18,31,13,28,12,16
20220619,12,7,1,36,22,30
20220623,30,3,38,8,35,15
20220626,25,14,32,1,19,37
20220630,27,12,9,21,28,22
20220703,33,27,38,3,2,18
20220707,15,11,10,12,14,13
20220710,7,24,1,11,8,39
20220714,8,28,16,6,38,2
20220717,19,30,10,3,4,34
20220721,37,11,10,32,35,12
20220724,18,29,26,38,11,32
20220728,31,25,7,17,16,37
20220731,21,1,13,9,28,32
20220804,18,1,21,22,32,16
20220807,27,6,10,36,34,9
20220811,11,24,38,2,3,40
20220814,30,35,4,17,40,32
20220818,26,28,21,24,38,23
20220821,39,3,14,29,24,7
20220825,39,16,35,37,33,30
20220828,12,7,1,4,34,8
20220901,36,15,18,40,17,16
20220904,7,8,11,19,3,28
20220908,1,34,30,18,14,38
20220911,19,23,6,38,17,11
20220911,10,12,22,35,14,19
20220915,6,26,31,3,11,7
20220918,26,17,39,35,8,25
20220922,33,30,16,21,23,1
20220925,20,18,17,1,29,2
20220929,13,4,34,11,18,25
20221002,26,18,40,20,32,29
20221006,36,40,6,1,30,19
20221009,16,12,23,7,31,38
20221013,2,38,14,5,22,37
20221016,40,36,8,16,23,25
20221020,21,10,20,36,13,24
20221023,9,1,8,6,40,13
20221027,9,37,36,18,32,21
20221030,20,27,36,40,33,35
20221103,1,10,27,17,18,33
20221106,10,24,11,23,27,13
20221110,10,19,15,38,29,31
