19930207,46,43,6,11,37,36
19930314,28,26,45,24,9,34
19930404,41,5,32,34,3,21
19930417,28,39,44,21,13,25
19930502,47,10,34,16,8,48
19930516,19,38,16,47,26,14
19930530,46,23,13,5,20,22
19930613,8,16,47,46,13,33
19930626,30,10,11,31,23,44
19930710,10,48,12,31,2,45
19930724,28,21,47,34,45,25
19930808,38,17,47,25,30,37
19930815,6,7,30,17,2,42
19930822,44,20,17,3,38,45
19930829,42,30,36,5,4,6
19930905,5,14,7,49,35,19
19930912,42,28,41,15,22,38
19930919,18,4,16,35,2,17
19931003,44,48,34,37,4,41
19931017,13,7,6,45,29,25
19931024,8,22,43,14,34,15
19931031,14,17,47,19,36,12
19931114,48,20,6,43,4,35
19931128,37,36,17,35,15,8
19931212,12,33,41,7,34,43
19931219,49,15,46,25,12,32
19940116,7,20,27,46,2,33
19940123,39,5,6,19,20,2
19940130,14,47,40,26,24,36
19940206,45,10,18,43,35,11
19940213,38,29,49,47,8,3
19940220,16,42,33,4,38,7
19940313,22,39,35,29,44,46
19940320,34,9,10,19,2,47
19940327,11,8,25,13,3,38
19940402,38,49,36,20,19,5
19940410,49,42,11,45,9,23
19940417,23,46,1,35,2,22
19940424,10,41,29,25,18,8
19940501,19,7,16,18,6,49
19940508,15,44,32,21,49,10
19940515,29,32,38,24,11,15
19940522,10,18,23,40,35,33
19940529,37,10,44,27,47,48
19940605,34,7,49,14,47,44
19940612,43,49,4,36,24,26
19940619,46,27,6,31,2,11
19940626,27,14,3,43,22,42
19940703,47,38,36,19,5,35
19940710,41,4,39,13,24,33
19940717,18,29,17,48,47,34
19940724,33,29,31,23,41,6
19940731,29,17,11,14,28,39
19940807,35,16,8,47,46,36
19940814,36,21,5,47,40,33
19940821,25,31,46,39,1,22
19940828,20,45,32,23,18,19
19940904,29,27,44,43,30,46
19940911,28,26,48,37,44,1
19940918,1,15,9,45,44,14
19940925,41,7,48,3,11,16
19941002,5,8,48,2,28,25
19941009,49,39,9,42,37,13
19941016,10,7,45,2,8,20
19941023,48,38,15,45,12,42
19941030,4,33,17,45,13,39
19941106,16,11,12,14,15,38
19941113,28,45,2,7,19,43
19941120,25,23,41,40,27,34
19941127,18,44,1,43,40,9
19941204,3,31,1,28,15,12
19941211,38,13,31,28,19,23
19941218,49,31,10,43,37,12
19950102,25,18,42,36,43,12
19950115,20,44,18,48,19,28
19950122,41,8,37,22,6,5
19950129,41,36,18,23,27,10
19950205,38,12,1,2,44,41
19950212,1,31,16,4,33,18
19950219,23,5,42,18,15,12
19950301,12,49,23,18,5,28
19950305,39,46,35,43,17,16
19950312,36,37,24,48,10,5
19950319,13,25,16,14,49,37
19950326,4,35,39,22,11,46
19950402,19,5,24,9,36,40
19950409,3,22,13,5,35,6
19950416,16,30,11,4,19,46
19950423,34,28,48,32,4,20
19950430,30,46,39,19,35,48
19950507,36,4,12,20,7,39
19950514,32,14,44,34,21,24
19950521,29,43,24,8,17,18
19950528,13,33,16,1,30,36
19950604,42,35,5,26,37,25
19950611,36,15,43,19,16,32
19950618,38,34,9,24,25,36
19950625,20,30,48,29,16,36
19950702,43,47,34,4,8,48
19950709,45,28,43,40,32,29
19950716,31,26,16,10,23,43
19950723,27,31,24,40,7,19
19950730,32,25,21,6,27,14
19950806,16,9,46,41,1,37
19950813,24,33,25,44,42,28
19950820,28,2,30,16,29,10
19950827,45,40,16,6,32,38
19950903,28,35,41,34,20,25
19950910,10,17,28,32,27,35
19950917,22,6,19,3,31,15
19950924,31,7,9,40,26,14
19951001,13,6,21,41,19,15
19951008,45,28,2,34,26,7
19951015,39,3,26,38,11,20
19951022,28,2,43,47,12,19
19951029,8,42,17,12,32,43
19951105,10,12,36,42,18,1
19951112,21,18,15,35,11,7
19951119,21,1,9,16,37,42
19951126,18,45,17,23,9,39
19951203,39,46,40,41,9,23
19951210,41,7,36,33,6,14
19951217,5,14,10,9,3,15
19960102,28,14,24,20,37,33
19960114,4,32,2,20,7,35
19960121,12,14,27,5,19,42
19960128,7,38,43,18,5,12
19960204,11,19,46,20,12,29
19960211,30,16,5,22,15,21
19960218,37,47,14,6,38,45
19960225,19,10,45,17,47,23
19960303,28,48,21,35,16,33
19960310,45,18,12,25,9,22
19960317,22,32,13,46,5,10
19960324,40,34,7,46,41,27
19960331,27,17,40,48,30,44
19960407,25,38,3,9,46,47
19960414,21,38,36,31,15,11
19960421,5,25,42,46,26,15
19960428,25,10,18,8,31,44
19960505,4,14,13,32,35,19
19960512,11,16,22,35,20,23
19960519,14,38,34,49,37,42
19960526,10,29,21,19,31,26
19960602,44,23,49,43,15,16
19960609,1,35,27,9,14,36
19960616,49,40,23,16,26,24
19960623,15,22,19,2,29,31
19960630,33,14,41,2,46,21
19960707,41,8,9,12,2,44
19960714,27,6,9,13,43,18
19960721,36,10,37,16,23,46
19960728,39,32,25,17,9,42
19960804,8,40,48,15,17,14
19960811,14,46,16,49,17,1
19960818,29,28,1,5,48,47
19960825,44,1,25,20,46,34
19960901,36,13,19,15,11,3
19960908,20,39,30,1,32,2
19960915,20,5,1,8,36,7
19960922,18,4,3,37,35,25
19960929,28,4,8,29,32,20
19961006,36,13,47,27,44,7
19961013,27,23,31,34,17,25
19961020,7,2,43,42,13,5
19961027,40,20,17,39,34,9
19961103,16,48,49,45,34,15
19961110,34,22,24,12,10,37
19961117,23,32,46,6,27,14
19961124,3,15,13,35,36,5
19961201,21,45,5,7,37,48
19961208,47,20,3,16,33,35
19961215,31,15,38,46,23,10
19961222,35,48,49,23,14,29
19970102,26,25,23,5,13,35
19970112,2,24,20,18,10,29
19970119,9,43,42,33,12,23
19970126,24,27,23,33,18,29
19970202,17,11,1,20,13,23
19970209,7,48,43,4,17,45
19970216,18,17,28,8,20,5
19970223,39,18,33,15,20,23
19970302,42,36,6,10,17,16
19970309,29,27,37,38,1,12
19970316,12,9,23,46,19,37
19970323,5,13,33,37,16,22
19970330,5,11,28,18,39,27
19970406,5,49,22,8,24,16
19970413,1,41,6,25,31,14
19970420,25,3,8,24,2,27
19970429,1,13,45,20,21,12
19970504,43,33,42,46,17,7
19970511,31,45,16,29,32,28
19970518,20,26,42,36,49,9
19970525,14,15,11,46,41,16
19970601,19,23,32,18,36,15
19970608,26,37,30,27,23,39
19970615,45,17,14,29,39,27
19970622,46,43,9,40,4,34
19970629,38,35,48,9,34,37
19970706,23,16,17,9,15,26
19970713,33,32,9,1,42,3
19970720,14,28,10,24,2,11
19970727,4,44,20,10,7,11
19970803,24,42,2,30,26,28
19970810,2,48,9,34,42,8
19970817,46,37,3,43,34,30
19970824,46,13,48,29,39,3
19970831,38,49,22,34,46,14
19970907,19,46,13,9,15,14
19970914,40,21,47,2,31,45
19970921,20,26,43,17,41,38
19970928,43,17,22,20,34,23
19971005,25,19,12,45,49,5
19971012,48,1,43,32,26,24
19971019,41,42,13,4,3,49
19971026,26,10,4,36,25,46
19971102,30,1,46,28,48,45
19971109,30,3,37,5,20,2
19971116,31,22,29,13,15,21
19971123,38,6,34,35,15,46
19971130,30,1,42,3,18,49
19971207,4,16,39,29,45,11
19971214,27,42,31,6,9,21
19971221,24,12,46,6,26,27
19980104,17,23,5,35,34,24
19980111,27,32,20,28,29,12
19980118,16,33,21,8,23,43
19980125,26,46,1,27,30,13
19980201,23,10,48,44,19,18
19980208,42,2,4,21,1,29
19980215,5,33,36,31,39,46
19980222,24,35,23,7,15,38
19980301,17,34,11,2,45,30
19980308,33,14,49,46,36,45
19980315,49,35,33,24,36,43
19980322,4,48,27,26,30,44
19980329,39,13,23,4,8,29
19980405,8,7,18,25,41,12
19980412,47,11,25,15,40,7
19980421,9,26,43,5,7,24
19980426,22,1,45,34,15,26
19980503,33,22,49,31,35,10
19980510,43,40,48,5,11,29
19980517,21,44,13,5,9,41
19980524,20,8,43,46,48,26
19980531,11,33,46,15,4,44
19980607,44,32,45,21,31,37
19980614,33,43,5,29,47,21
19980621,16,5,17,13,4,28
19980628,48,30,15,22,5,35
19980705,21,43,17,14,12,11
19980712,16,22,13,20,6,1
19980719,9,18,11,49,21,29
19980726,28,5,8,17,13,24
19980802,39,29,15,33,23,7
19980809,47,29,36,42,25,20
19980816,34,25,3,43,33,6
19980823,15,23,21,29,44,6
19980830,49,18,30,10,22,27
19980906,15,27,35,17,7,44
19980913,22,44,42,10,14,49
19980920,20,3,9,39,24,11
19980927,18,3,26,16,13,5
19981004,40,45,24,33,13,9
19981011,13,18,32,38,46,26
19981018,22,13,42,36,26,38
19981025,31,43,44,13,32,16
19981101,6,19,36,25,2,32
19981108,7,48,17,26,10,15
19981115,13,34,39,28,15,37
19981122,12,37,4,30,46,36
19981129,30,22,19,34,32,15
19981206,25,16,27,33,26,22
19981213,28,8,43,31,18,24
19981220,19,36,48,23,41,29
19990103,13,12,18,38,25,33
19990110,11,36,41,38,43,18
19990117,12,45,25,18,30,21
19990124,37,10,35,41,20,43
19990131,23,28,36,3,2,38
19990207,37,43,38,36,40,20
19990214,35,17,48,45,36,1
19990221,38,40,43,33,32,29
19990228,10,15,3,43,37,28
19990307,13,26,45,2,11,31
19990314,48,24,29,23,7,32
19990321,47,9,41,2,30,10
19990328,30,17,49,27,3,5
19990404,11,31,35,18,7,22
19990413,17,26,1,29,6,10
19990418,49,29,45,31,39,26
19990425,8,42,6,47,2,20
19990502,3,24,27,29,26,23
19990509,24,2,13,30,26,27
19990516,36,33,26,3,10,14
19990523,26,33,38,30,3,23
19990530,44,20,25,16,31,24
19990606,23,17,9,44,11,31
19990613,49,26,24,19,11,15
19990620,18,6,32,30,24,40
19990627,49,27,26,41,16,31
19990704,12,13,15,38,43,34
19990711,24,8,10,13,28,44
19990718,14,20,24,9,4,39
19990725,16,20,39,49,28,22
19990801,48,25,2,22,31,43
19990808,21,34,18,32,35,10
19990815,30,27,9,40,44,7
19990822,49,16,6,43,36,9
19990829,14,23,22,30,6,15
19990905,12,46,49,47,35,45
19990912,46,17,8,26,15,23
19990919,33,37,19,47,22,26
19990926,49,46,26,12,22,39
19991003,13,19,33,42,3,28
19991010,18,24,17,46,41,12
19991017,45,48,33,5,9,15
19991024,35,47,6,20,5,45
19991031,27,38,34,11,5,47
19991107,36,40,8,33,5,49
19991114,25,47,43,6,18,20
19991121,6,23,2,43,13,40
19991128,31,10,39,11,35,29
19991205,18,38,41,33,6,7
19991212,39,38,26,24,18,16
19991219,31,37,32,38,22,13
19991226,12,32,4,30,41,33
20000102,13,8,15,2,1,37
20000109,33,29,39,17,41,13
20000116,16,7,22,13,1,6
20000123,46,41,17,6,29,2
20000130,14,4,13,34,12,40
20000206,8,12,42,6,20,29
20000213,2,47,23,48,33,8
20000220,23,44,6,5,45,11
20000227,23,12,36,38,41,17
20000305,8,48,28,23,7,17
20000312,36,49,16,2,47,19
20000319,23,37,42,47,21,48
20000326,30,11,23,1,6,43
20000402,5,10,25,18,35,27
20000409,3,31,22,35,40,18
20000416,43,34,7,30,28,3
20000423,3,20,45,42,11,31
20000430,19,30,33,31,1,41
20000507,30,37,33,34,29,16
20000514,5,4,27,3,41,37
20000521,25,28,39,40,17,37
20000528,12,6,46,37,47,17
20000604,49,23,13,10,8,38
20000611,45,7,36,24,21,25
20000618,48,9,32,20,17,6
20000625,4,3,13,31,34,49
20000702,29,43,36,4,30,47
20000709,11,16,27,3,45,4
20000716,11,40,47,22,9,48
20000723,4,23,20,2,14,43
20000730,45,23,16,35,24,1
20000806,12,18,29,49,9,11
20000813,35,47,26,16,18,48
20000820,34,35,25,2,8,10
20000827,1,36,38,29,15,21
20000903,33,22,3,2,34,11
20000910,17,29,14,46,11,23
20000917,4,12,47,26,11,17
20000924,20,18,10,38,22,41
20001001,15,33,23,9,47,24
20001008,30,25,1,5,18,9
20001015,13,4,11,8,9,27
20001022,15,14,36,21,11,9
20001029,44,9,7,34,33,29
20001105,23,32,37,27,46,39
20001112,37,20,21,32,6,44
20001119,3,46,26,36,17,10
20001126,46,36,47,6,25,38
20001203,31,47,29,40,7,5
20001210,17,36,45,47,19,10
20001217,27,21,31,4,19,35
20001224,13,16,34,15,17,9
20010102,16,46,18,15,25,31
20010107,18,47,45,20,9,39
20010114,30,7,2,32,49,12
20010121,40,14,13,26,19,32
20010128,7,11,20,10,32,21
20010204,14,24,39,21,36,43
20010211,39,15,20,16,21,19
20010218,34,6,32,29,4,19
20010225,32,4,1,40,38,25
20010304,8,38,27,16,19,40
20010311,42,7,14,15,21,12
20010318,22,36,2,41,1,9
20010325,9,26,7,39,18,15
20010401,43,32,30,16,48,15
20010408,43,44,36,23,34,21
20010415,5,6,9,44,8,34
20010422,6,36,14,18,19,21
20010429,46,38,12,41,30,10
20010506,34,17,44,13,47,12
20010513,24,33,3,37,26,32
20010520,3,41,47,14,23,8
20010527,19,47,28,38,29,9
20010603,10,3,9,39,12,14
20010610,19,22,16,17,42,33
20010617,12,24,28,44,17,39
20010624,43,44,48,3,46,41
20010701,49,17,41,13,27,8
20010708,18,42,8,23,21,22
20010715,1,42,36,29,25,30
20010722,30,40,42,22,19,13
20010729,12,2,47,23,34,32
20010805,30,43,22,13,49,32
20010812,45,26,47,22,18,17
20010819,34,41,33,47,23,35
20010826,27,16,10,21,22,38
20010902,2,1,13,42,25,3
20010909,6,8,40,41,43,9
20010916,26,23,29,41,15,39
20010923,28,33,18,16,45,9
20010930,35,47,40,37,15,39
20011007,18,15,33,41,49,46
20011014,31,45,44,27,20,42
20011021,44,45,29,1,37,21
20011028,41,18,33,39,35,28
20011104,4,23,32,10,30,13
20011111,2,37,1,33,40,23
20011118,16,21,23,25,15,3
20011125,39,22,49,33,40,30
20011202,43,25,16,30,32,27
20011209,46,4,24,22,2,40
20011216,23,34,48,42,33,19
20011223,29,40,8,2,22,1
20020102,14,18,29,47,28,6
20020106,26,39,6,25,14,16
20020113,10,31,33,43,45,41
20020120,24,29,35,5,43,30
20020127,13,49,47,15,5,35
20020203,4,30,39,14,20,42
20020210,43,32,39,42,36,14
20020217,22,36,47,34,16,3
20020224,32,6,17,36,30,27
20020303,38,49,48,32,26,24
20020310,11,27,41,14,7,22
20020317,5,34,47,45,9,1
20020324,44,10,21,37,36,24
20020331,24,47,32,33,44,22
20020407,47,13,4,44,39,29
20020414,14,48,5,9,11,34
20020421,22,21,25,2,1,49
20020428,38,3,6,12,43,40
20020505,7,35,48,47,40,17
20020512,44,45,36,32,33,28
20020519,1,42,7,4,9,10
20020526,47,19,38,1,48,21
20020602,2,27,19,6,10,30
20020609,31,25,29,10,20,24
20020616,33,45,22,39,14,27
20020623,41,47,12,5,31,18
20020630,34,27,33,48,41,49
20020707,6,36,1,18,34,33
20020714,29,5,21,6,10,38
20020721,41,5,28,39,47,9
20020728,1,20,36,11,3,28
20020804,29,21,14,32,46,23
20020811,6,48,9,12,36,10
20020818,44,28,47,15,7,38
20020825,19,18,28,8,22,31
20020901,4,16,37,20,1,43
20020908,31,48,45,47,6,17
20020915,36,15,14,8,38,12
20020922,33,7,43,29,13,37
20020929,21,14,3,44,4,24
20021006,27,35,7,20,6,24
20021013,48,38,25,6,37,22
20021020,15,30,44,17,5,48
20021027,38,15,44,13,11,41
20021103,27,46,11,17,49,21
20021110,24,22,9,47,8,38
20021117,6,44,27,29,24,47
20021124,27,24,7,17,34,4
20021201,30,24,32,37,16,3
20021208,8,2,5,14,10,25
20021215,15,32,11,38,18,41
20021222,6,47,44,11,22,8
20021231,8,42,32,41,16,3
20030112,38,8,23,24,27,1
20030119,45,2,30,24,23,28
20030126,38,36,16,26,18,41
20030202,35,26,49,45,40,22
20030209,31,6,37,18,10,16
20030216,7,26,47,48,24,33
20030223,12,19,23,37,42,14
20030302,9,18,46,6,10,28
20030309,20,38,15,33,30,8
20030316,33,28,13,31,45,18
20030323,43,14,19,31,15,18
20030330,29,31,46,3,2,21
20030406,29,28,7,12,43,40
20030413,39,12,5,19,41,38
20030420,2,38,23,48,8,12
20030427,26,45,13,39,35,11
20030504,10,48,32,47,13,44
20030511,8,13,14,9,22,21
20030518,15,2,8,9,44,36
20030525,2,20,29,47,4,12
20030601,29,33,16,14,1,48
20030608,14,30,13,38,39,9
20030615,17,41,44,34,30,24
20030622,14,37,46,38,27,10
20030629,12,15,18,33,45,40
20030706,36,25,20,12,48,43
20030713,45,15,20,22,41,25
20030720,5,4,24,34,9,8
20030727,33,30,2,23,32,17
20030803,48,1,14,17,12,44
20030810,14,49,47,6,24,39
20030817,30,23,15,9,5,48
20030824,7,5,4,40,48,28
20030831,29,24,40,38,17,33
20030907,47,2,5,1,45,15
20030914,36,9,4,41,28,13
20030921,46,14,16,2,22,19
20030928,46,49,1,17,42,23
20031005,27,42,3,13,46,38
20031012,43,28,9,24,2,18
20031019,16,13,24,43,26,4
20031026,14,48,20,37,38,5
20031102,6,40,46,45,30,29
20031109,40,18,46,22,41,45
20031116,18,2,3,33,27,21
20031123,19,17,27,3,31,15
20031130,4,32,9,29,11,10
20031207,12,45,42,27,23,20
20031214,27,42,44,24,41,2
20031221,36,17,8,37,44,20
20040104,3,2,35,45,37,31
20040111,32,36,28,11,24,25
20040118,34,12,11,26,42,13
20040125,6,20,9,10,49,43
20040201,14,42,37,40,31,6
20040208,5,33,3,48,6,15
20040215,38,6,31,33,8,7
20040222,12,7,32,10,13,22
20040229,23,10,13,17,30,20
20040307,40,47,27,34,16,8
20040314,26,21,41,36,44,12
20040321,34,3,39,4,27,37
20040328,17,10,46,11,13,19
20040404,38,45,5,15,24,1
20040411,28,9,24,17,5,12
20040418,35,12,42,44,14,40
20040425,13,15,6,29,3,11
20040502,31,39,32,6,49,46
20040509,11,9,6,32,41,38
20040516,33,8,43,24,7,36
20040523,24,44,27,5,41,6
20040530,23,19,36,21,37,38
20040606,30,1,7,20,28,29
20040613,10,23,37,12,14,9
20040620,3,49,48,27,28,2
20040627,37,13,32,31,49,29
20040704,36,4,12,17,8,5
20040711,18,17,36,5,11,23
20040718,32,3,46,36,27,13
20040725,30,26,44,5,14,8
20040801,27,49,32,6,48,25
20040808,9,44,19,37,25,2
20040815,43,13,32,31,22,1
20040822,20,9,12,41,27,42
20040829,40,32,23,30,49,1
20040905,16,28,4,26,1,34
20040912,48,20,49,2,3,19
20040919,27,43,42,1,3,28
20040926,8,36,37,11,29,48
20041003,42,29,6,13,44,22
20041010,28,10,46,40,25,24
20041017,44,14,10,3,22,16
20041024,17,19,44,23,26,16
20041031,29,7,46,12,6,11
20041107,31,37,17,49,29,43
20041114,33,29,40,21,16,11
20041121,4,30,2,49,34,32
20041128,30,45,24,26,36,19
20041205,15,11,23,22,26,12
20041212,29,14,43,7,36,4
20041219,28,16,15,26,44,36
20050102,4,35,34,1,30,9
20050109,11,6,17,3,49,31
20050116,30,19,48,42,17,13
20050123,29,12,21,46,33,5
20050130,3,34,5,39,21,16
20050206,29,20,26,25,24,48
20050213,41,46,36,14,17,21
20050220,46,21,39,2,24,30
20050227,12,47,33,4,41,3
20050306,13,24,15,36,10,32
20050313,19,47,22,20,30,48
20050320,37,3,17,32,31,26
20050327,14,16,18,7,35,38
20050403,14,29,24,15,3,22
20050410,9,14,34,44,37,8
20050417,36,4,27,1,39,43
20050424,35,33,32,47,11,29
20050501,3,44,33,12,26,43
20050508,45,15,47,41,28,7
20050515,48,14,41,20,24,17
20050522,48,17,39,43,10,29
20050529,21,31,34,32,47,4
20050605,42,11,17,44,22,3
20050612,4,20,45,30,38,19
20050619,14,49,26,31,36,38
20050626,44,30,23,39,29,34
20050703,41,15,44,3,23,40
20050710,39,2,48,12,20,37
20050717,12,26,1,35,2,19
20050724,45,26,8,1,19,42
20050731,17,40,28,8,1,29
20050807,15,48,12,13,10,11
20050814,34,32,1,16,37,5
20050821,9,28,23,21,16,27
20050828,23,12,14,31,16,1
20050904,13,27,34,29,15,24
20050911,2,28,1,41,20,42
20050918,12,29,6,11,40,36
20050925,45,1,11,3,27,48
20051002,11,46,7,26,8,27
20051009,36,2,37,44,41,22
20051016,36,15,43,7,38,41
20051023,16,29,28,33,6,24
20051030,43,13,29,30,23,18
20051106,24,44,41,5,49,2
20051113,35,17,18,44,26,39
20051120,24,42,13,44,2,9
20051127,35,49,33,8,3,20
20051204,14,29,41,13,46,25
20051211,20,10,4,49,22,7
20051218,15,36,37,1,47,17
20060101,15,41,35,17,7,20
20060108,49,14,33,1,42,34
20060115,13,24,43,28,22,29
20060122,3,37,34,41,43,9
20060129,12,25,49,18,11,6
20060205,25,23,15,48,37,36
20060212,35,43,20,18,39,25
20060219,36,1,31,33,43,46
20060226,43,25,49,32,18,33
20060305,34,12,43,31,5,15
20060312,31,42,46,30,14,44
20060319,30,35,3,42,6,46
20060326,15,27,19,18,11,16
20060402,7,29,3,16,21,34
20060409,34,49,18,17,41,45
20060416,27,39,10,34,19,28
20060423,18,43,30,39,31,20
20060430,37,48,28,45,11,46
20060507,8,28,41,48,26,44
20060514,12,4,45,3,43,25
20060521,34,48,29,36,13,1
20060528,2,30,29,6,23,45
20060604,27,10,19,42,46,12
20060611,20,35,13,10,41,31
20060618,4,13,2,8,24,11
20060625,44,45,10,35,39,28
20060702,39,40,41,38,30,5
20060709,34,13,32,41,18,26
20060716,1,25,36,22,10,11
20060723,5,26,21,28,48,33
20060730,40,47,8,6,29,37
20060806,26,33,23,32,18,13
20060813,2,45,20,48,21,12
20060820,44,36,2,21,9,13
20060827,16,26,31,40,37,33
20060903,20,6,22,48,23,19
20060910,20,34,1,13,30,38
20060917,4,23,21,32,3,37
20060924,29,13,36,22,16,47
20061001,13,19,49,33,39,16
20061008,24,34,16,18,41,2
20061015,35,8,46,41,5,37
20061022,1,35,47,20,25,46
20061029,20,29,34,4,27,9
20061105,25,47,42,43,29,5
20061112,15,41,22,38,18,20
20061119,3,41,35,26,34,21
20061126,17,40,28,29,1,19
20061203,2,4,3,12,29,20
20061210,39,11,48,26,33,30
20061217,46,19,16,48,12,3
20061231,46,29,8,15,36,10
20070107,31,41,37,10,46,25
20070114,39,43,21,9,7,22
20070121,27,30,47,20,48,10
20070128,49,8,26,37,2,36
20070204,28,6,33,8,42,20
20070211,13,7,1,5,11,27
20070218,5,38,35,48,32,15
20070225,5,24,13,28,42,14
20070304,15,41,29,45,17,22
20070311,41,35,13,1,20,12
20070318,5,21,18,45,30,42
20070325,42,44,17,9,23,7
20070401,44,49,43,19,10,21
20070408,10,38,40,45,26,44
20070415,35,28,6,12,15,27
20070422,6,49,16,36,35,17
20070429,31,28,36,48,15,39
20070506,41,12,22,11,30,44
20070513,16,1,44,26,4,19
20070520,36,26,42,1,30,18
20070527,17,13,21,40,25,42
20070603,16,44,5,39,14,15
20070610,48,22,18,20,34,3
20070617,25,10,26,30,5,48
20070624,28,18,11,24,31,39
20070701,29,39,15,14,23,9
20070708,8,41,46,12,4,17
20070715,36,41,44,46,48,10
20070722,24,47,46,30,9,23
20070729,43,19,13,46,38,42
20070805,44,4,38,28,37,35
20070812,42,43,18,47,46,44
20070819,46,34,45,3,19,30
20070826,46,35,42,1,2,34
20070902,45,43,44,9,11,31
20070909,1,25,22,34,11,24
20070916,34,25,41,43,9,5
20070923,45,40,28,25,46,32
20070930,25,41,39,42,20,23
20071007,2,42,31,17,48,12
20071014,30,43,32,24,17,33
20071021,27,42,21,43,11,16
20071028,47,10,15,12,44,23
20071104,28,48,12,41,3,42
20071111,26,2,47,48,5,18
20071118,33,28,21,46,19,10
20071125,15,31,40,21,33,8
20071202,4,23,6,26,9,25
20071209,14,38,46,45,15,20
20071216,16,10,41,29,40,24
20071230,4,15,42,14,12,40
20080106,26,7,48,12,24,11
20080113,33,35,23,12,19,25
20080120,29,40,45,26,4,46
20080127,36,6,47,24,20,2
20080203,29,7,34,45,13,28
20080210,25,9,27,47,2,12
20080217,11,27,35,48,42,31
20080224,32,47,42,29,26,9
20080302,9,35,39,12,46,18
20080309,21,45,29,15,26,27
20080316,27,13,16,35,45,11
20080323,23,1,30,6,20,46
20080330,42,45,43,5,31,46
20080406,5,19,25,47,45,38
20080413,16,17,5,11,26,39
20080420,20,10,38,24,5,19
20080427,19,11,36,35,43,30
20080504,35,4,30,26,47,3
20080511,45,19,16,33,38,26
20080518,28,30,9,22,41,4
20080525,4,9,3,49,39,19
20080601,22,10,31,6,23,8
20080608,17,8,32,25,6,33
20080615,32,26,5,34,19,3
20080622,35,36,25,32,10,48
20080629,41,6,17,21,12,35
20080706,5,19,2,18,7,20
20080713,13,12,3,31,2,37
20080720,7,9,43,47,42,31
20080727,9,20,33,38,41,4
20080803,8,9,48,5,18,46
20080810,7,9,37,35,8,46
20080817,35,46,34,47,41,37
20080824,3,22,21,15,10,41
20080831,38,4,26,12,20,13
20080907,27,18,2,1,39,45
20080914,5,21,34,14,11,35
20080921,38,22,14,37,19,23
20080928,16,17,24,21,48,32
20081005,13,25,8,21,37,44
20081012,1,48,24,4,33,3
20081019,34,13,33,29,7,49
20081026,18,34,32,40,49,46
20081102,6,8,37,27,39,5
20081109,10,22,2,33,45,11
20081116,12,30,36,14,4,45
20081123,5,27,6,8,30,48
20081130,36,14,4,13,1,29
20081207,41,22,13,34,3,27
20081214,49,34,7,8,33,16
20081228,36,39,22,7,8,28
20090118,37,43,41,11,20,7
20090125,14,29,39,5,4,23
20090201,44,21,7,1,41,34
20090208,33,6,25,5,31,49
20090215,15,23,9,5,25,28
20090222,3,9,20,39,15,46
20090301,41,18,11,34,30,21
20090308,48,20,26,24,1,9
20090315,2,38,29,7,48,26
20090322,14,47,21,27,39,45
20090329,44,17,7,35,38,16
20090405,37,15,22,8,36,2
20090412,32,22,3,35,29,17
20090419,38,28,1,2,36,42
20090426,27,48,19,2,39,25
20090503,25,38,34,6,4,15
20090510,38,28,13,14,6,33
20090517,11,24,46,30,38,19
20090524,3,6,27,20,29,48
20090531,12,28,36,24,38,22
20090607,15,44,19,7,37,30
20090614,3,10,24,48,13,47
20090621,25,21,46,26,28,11
20090628,31,10,16,33,38,8
20090702,9,45,10,35,43,13
20090705,44,39,18,2,41,22
20090709,3,19,39,37,6,4
20090712,25,4,6,20,22,44
20090716,42,26,44,9,32,5
20090719,49,27,42,13,21,15
20090723,40,6,3,28,2,42
20090726,36,28,41,27,24,43
20090730,43,13,38,17,28,31
20090802,30,13,46,38,8,33
20090806,49,25,17,36,6,21
20090809,11,20,45,7,26,4
20090813,2,7,39,36,9,33
20090816,44,7,5,47,23,36
20090820,36,6,42,4,8,5
20090823,16,5,18,11,4,9
20090827,36,46,39,43,41,25
20090830,28,46,45,48,30,19
20090903,32,15,3,14,39,43
20090906,2,48,30,44,26,18
20090910,40,19,5,30,3,32
20090913,43,1,33,44,34,31
20090917,27,22,1,14,28,17
20090920,41,43,16,6,22,48
20090924,22,13,6,41,17,43
20090927,3,46,5,2,1,22
20091001,25,28,48,19,30,10
20091004,45,32,1,7,23,44
20091008,39,14,31,38,12,21
20091011,10,48,9,3,27,22
20091015,32,27,33,24,22,12
20091018,37,26,15,49,6,10
20091022,10,9,22,23,25,16
20091025,12,30,39,31,7,46
20091029,1,47,33,35,14,8
20091101,7,35,25,37,31,15
20091105,41,19,40,39,5,4
20091108,36,15,8,23,13,43
20091112,6,38,45,27,15,33
20091115,43,41,37,13,29,47
20091119,25,37,5,27,17,19
20091122,4,34,49,23,40,48
20091126,41,26,38,14,13,32
20091129,32,43,4,46,12,35
20091203,13,1,10,12,19,2
20091206,4,6,13,41,2,44
20091210,4,30,35,10,1,25
20091213,9,41,37,36,39,49
20091217,4,12,18,14,22,37
20091220,47,4,28,39,43,16
20091224,34,42,8,16,13,15
20091231,27,22,35,10,48,23
20100107,46,35,40,27,7,24
20100110,21,17,45,46,18,1
20100114,7,9,47,40,31,17
20100117,37,12,38,14,23,22
20100121,22,25,27,5,1,23
20100124,27,13,34,36,25,48
20100128,7,33,45,3,11,18
20100131,37,9,35,1,42,29
20100204,14,24,33,44,5,16
20100207,47,13,28,41,32,27
20100211,7,43,27,13,17,42
20100214,34,9,28,11,31,21
20100218,24,37,19,16,32,17
20100221,6,9,40,27,24,17
20100225,13,26,5,20,47,43
20100228,17,6,5,49,21,31
20100304,8,5,20,23,16,25
20100307,46,7,12,33,15,26
20100311,6,45,17,34,33,27
20100314,2,26,5,20,12,37
20100318,21,2,24,41,1,12
20100321,29,45,25,7,2,44
20100325,19,7,1,23,44,22
20100328,4,6,8,45,48,39
20100401,15,25,7,19,9,47
20100404,27,15,34,36,7,25
20100408,45,32,36,9,48,31
20100411,49,34,33,10,48,43
20100415,46,12,36,37,35,13
20100418,14,42,37,41,47,49
20100422,44,22,8,29,1,36
20100425,40,3,13,18,16,30
20100429,19,15,43,34,26,22
20100502,14,37,48,44,11,22
20100506,23,7,15,31,43,28
20100509,2,17,1,28,21,44
20100513,37,9,5,24,12,21
20100516,48,23,19,4,29,24
20100520,47,46,3,4,33,8
20100523,13,16,24,22,25,4
20100527,34,30,49,1,15,44
20100530,32,34,7,22,37,31
20100603,13,33,16,25,1,9
20100606,20,7,1,33,19,43
20100610,46,28,17,44,20,22
20100613,3,14,10,47,2,26
20100617,42,36,15,48,35,32
20100620,20,44,45,12,19,9
20100624,44,49,47,30,12,13
20100627,11,46,10,33,5,6
20100701,36,1,34,35,27,38
20100704,12,40,30,29,9,5
20100708,6,43,11,10,7,13
20100711,12,41,31,23,48,44
20100715,26,49,34,1,12,14
20100718,10,42,43,34,45,36
20100722,29,33,6,4,42,12
20100725,14,44,40,30,22,5
20100729,23,42,49,1,41,3
20100801,10,3,31,47,28,38
20100805,14,31,16,24,1,27
20100808,49,41,3,26,7,31
20100812,14,42,37,4,33,20
20100815,40,48,34,19,21,44
20100819,38,14,23,34,17,42
20100822,43,8,32,2,1,27
20100826,6,24,20,9,38,36
20100829,28,21,12,7,23,11
20100902,15,38,45,9,29,28
20100905,25,39,37,20,38,3
20100909,49,35,44,26,7,18
20100912,13,12,33,29,5,17
20100916,5,47,41,13,12,6
20100919,10,27,37,30,16,13
20100923,15,31,30,39,7,25
20100926,2,18,1,42,17,7
20100930,40,48,4,12,30,7
20101003,38,2,5,25,27,11
20101007,39,26,38,5,36,6
20101010,1,26,12,23,44,35
20101014,13,43,6,20,3,23
20101017,29,31,37,36,16,41
20101021,31,45,8,18,38,19
20101024,6,19,40,49,45,30
20101028,5,27,43,22,20,13
20101031,46,18,33,40,7,24
20101104,19,1,22,38,18,39
20101107,20,22,32,36,33,5
20101111,5,8,45,11,22,9
20101114,19,23,12,17,4,16
20101118,29,11,15,7,5,9
20101121,32,39,38,36,27,35
20101125,11,43,2,28,48,42
20101128,32,4,3,45,36,43
20101202,4,39,23,1,5,47
20101205,39,7,21,31,4,9
20101209,25,32,48,31,47,39
20101212,13,33,37,36,34,21
20101216,33,42,43,45,1,37
20101219,15,41,21,33,49,34
20101223,25,19,24,13,14,41
20101231,8,33,36,34,9,5
20101231,42,29,37,5,43,20
20110106,38,7,17,13,25,24
20110109,14,6,13,46,37,9
20110113,41,18,47,29,45,21
20110116,18,12,7,46,4,33
20110120,45,7,9,34,25,11
20110123,36,37,17,4,12,26
20110127,29,9,5,30,27,34
20110130,12,35,29,19,1,23
20110203,31,15,4,35,18,24
20110206,47,46,34,22,26,6
20110210,37,33,29,23,14,30
20110213,31,20,39,22,13,18
20110217,33,21,24,1,28,5
20110220,9,40,18,42,16,32
20110224,8,19,46,31,15,11
20110227,8,33,24,29,7,48
20110303,9,7,26,44,39,35
20110306,7,48,40,37,19,38
20110310,20,9,48,14,12,35
20110313,39,48,1,20,23,21
20110317,18,35,6,36,3,48
20110320,29,34,24,6,14,1
20110324,28,40,27,29,30,9
20110327,29,34,3,4,5,27
20110331,1,31,27,17,4,32
20110403,27,32,18,2,24,28
20110407,4,9,37,8,35,12
20110410,45,33,24,25,29,23
20110414,23,45,2,30,37,13
20110417,16,4,17,38,46,36
20110424,36,34,5,9,6,3
20110424,40,8,39,26,15,7
20110428,12,7,40,23,4,10
20110501,27,18,40,35,32,26
20110505,11,35,4,39,40,38
20110508,18,16,20,5,38,15
20110512,39,2,1,41,11,25
20110515,28,48,33,9,12,14
20110519,23,20,13,3,9,32
20110522,48,49,14,35,39,28
20110526,1,9,7,18,2,29
20110529,13,34,2,6,11,49
20110602,10,19,32,39,35,13
20110605,4,18,8,22,15,48
20110609,34,43,32,39,17,6
20110612,13,5,41,23,16,48
20110616,41,20,2,46,17,10
20110619,40,21,3,45,49,41
20110623,49,38,32,36,10,22
20110626,42,15,10,16,44,14
20110630,44,48,19,42,49,28
20110703,41,39,8,18,1,4
20110707,33,7,20,24,17,14
20110710,15,38,46,41,32,6
20110714,32,40,31,16,12,13
20110717,15,17,37,48,28,27
20110721,10,42,2,20,35,19
20110724,18,26,45,11,32,28
20110728,2,27,15,36,35,30
20110731,15,29,34,33,22,26
20110804,9,32,16,3,11,17
20110807,43,40,4,44,6,49
20110811,42,6,36,45,37,19
20110814,27,22,32,28,15,14
20110818,8,3,11,1,10,36
20110821,25,17,10,44,45,41
20110825,33,18,41,5,38,3
20110828,10,40,43,13,46,27
20110901,21,40,12,25,35,27
20110904,44,7,14,4,20,22
20110908,11,9,26,10,30,6
20110911,43,19,29,12,38,20
20110915,2,31,33,36,1,18
20110918,26,32,29,8,27,37
20110922,31,26,32,38,45,36
20110925,16,14,19,20,25,13
20110929,28,14,16,24,23,42
20111002,39,18,12,30,25,36
20111006,49,6,14,35,24,3
20111009,40,48,8,38,43,4
20111013,42,5,46,2,43,24
20111016,38,12,3,27,24,35
20111020,43,25,31,7,17,39
20111023,25,27,28,14,22,7
20111027,20,49,21,15,19,2
20111030,27,29,36,19,44,25
20111103,45,40,30,37,43,27
20111106,2,17,33,37,34,42
20111110,11,19,13,6,24,48
20111113,34,20,12,45,9,1
20111117,19,22,45,34,48,32
20111120,47,38,31,44,18,39
20111124,48,26,36,5,25,38
20111127,44,12,26,23,45,43
20111201,25,3,14,36,46,2
20111204,47,11,26,41,28,16
20111208,47,41,22,9,33,3
20111211,41,45,37,14,8,5
20111215,15,7,8,40,33,49
20111218,7,38,30,29,28,21
20111222,42,19,22,5,45,23
20111230,17,43,37,40,29,16
20111230,20,28,38,15,48,37
20120105,9,39,23,36,3,22
20120108,49,32,19,47,42,22
20120112,15,21,4,3,5,8
20120115,14,13,39,45,4,32
20120119,9,29,31,39,3,21
20120122,13,18,31,48,24,19
20120126,23,15,4,31,35,47
20120129,20,42,9,24,12,44
20120202,36,8,34,6,5,49
20120205,14,16,33,19,17,49
20120209,38,41,45,44,8,34
20120212,47,28,40,27,9,34
20120216,39,16,9,8,18,26
20120219,16,34,3,12,28,15
20120223,10,40,42,37,26,27
20120226,10,19,1,16,18,14
20120301,49,42,34,10,19,41
20120304,49,24,44,5,22,38
20120308,10,9,14,43,25,35
20120311,25,15,43,35,36,37
20120315,10,11,2,12,49,39
20120318,3,39,33,40,2,17
20120322,20,24,13,11,31,3
20120325,43,24,36,32,12,19
20120329,5,37,11,36,6,39
20120401,7,14,20,37,43,27
20120405,33,39,23,2,12,24
20120408,4,40,13,27,29,16
20120415,38,29,16,8,28,36
20120415,39,5,46,18,32,37
20120419,1,22,18,47,26,32
20120422,46,18,43,8,20,35
20120426,45,20,35,16,43,13
20120429,27,32,34,15,21,1
20120503,33,22,4,42,17,6
20120506,47,37,17,48,7,41
20120510,48,1,46,2,32,26
20120513,17,3,26,21,29,34
20120517,9,23,41,37,43,4
20120520,43,14,42,49,4,28
20120524,11,2,9,10,38,12
20120527,29,39,33,6,5,26
20120531,42,47,23,20,25,5
20120603,46,38,23,15,18,3
20120607,17,5,16,33,32,27
20120610,25,32,20,28,6,30
20120614,12,37,9,41,15,46
20120617,43,12,2,4,8,39
20120621,2,42,45,33,41,28
20120624,20,30,28,8,5,49
20120628,11,15,19,38,21,44
20120701,33,30,10,47,5,49
20120705,21,24,43,20,13,2
20120708,26,35,38,17,5,23
20120712,32,4,40,44,47,22
20120715,32,1,45,41,44,37
20120719,30,13,12,24,15,19
20120722,48,36,24,21,47,37
20120726,1,12,28,38,16,49
20120729,7,22,9,29,2,32
20120802,13,18,47,14,15,7
20120805,28,49,20,22,8,7
20120809,13,46,36,39,21,35
20120812,25,16,18,20,23,46
20120816,38,30,11,7,5,2
20120819,33,37,31,25,28,8
20120823,21,37,34,29,48,7
20120826,23,30,39,14,40,35
20120830,25,46,4,2,24,10
20120902,21,14,26,19,3,28
20120906,2,33,38,6,36,34
20120909,37,32,30,13,18,4
20120916,9,15,25,30,17,6
20120916,22,19,12,28,29,23
20120920,15,24,46,38,33,3
20120923,14,13,17,38,21,7
20120927,13,49,8,17,28,48
20120930,6,37,34,17,9,14
20121004,16,35,21,14,34,45
20121007,28,16,19,36,46,4
20121011,18,49,20,11,30,9
20121014,43,12,24,36,7,16
20121018,42,18,41,7,35,26
20121021,9,24,2,42,25,28
20121025,22,38,29,37,13,25
20121028,37,11,47,44,31,13
20121101,8,4,48,12,29,33
20121104,37,17,32,21,26,27
20121108,16,5,40,45,14,25
20121111,44,35,34,29,36,32
20121115,12,24,8,30,4,40
20121118,22,28,48,39,20,24
20121122,7,33,26,45,38,43
20121125,12,2,28,32,7,25
20121129,18,1,37,34,43,11
20121202,10,32,37,23,45,39
20121206,47,41,23,10,21,45
20121209,40,11,47,31,38,29
20121213,42,21,24,43,44,2
20121216,38,10,3,4,6,17
20121220,14,47,24,2,13,33
20121223,23,14,39,37,46,8
20121230,49,16,29,32,48,42
20121230,6,32,36,46,8,48
20130106,49,24,10,18,27,23
20130110,39,44,27,31,5,25
20130113,47,33,10,16,27,2
20130117,4,42,46,41,26,37
20130120,6,39,42,44,49,38
20130124,36,27,48,2,6,26
20130127,40,18,25,33,39,43
20130131,40,26,32,22,23,36
20130203,45,46,1,34,8,13
20130207,20,42,39,2,25,28
20130210,3,8,38,25,1,14
20130214,3,4,46,9,44,15
20130217,2,12,19,17,45,26
20130221,27,10,7,34,32,9
20130224,1,14,35,41,7,11
20130228,15,8,21,2,18,45
20130303,48,11,31,8,43,21
20130307,17,5,15,31,42,43
20130310,32,46,9,40,17,29
20130314,22,13,24,3,5,34
20130317,27,28,11,8,12,14
20130321,14,2,23,20,47,49
20130324,16,5,33,4,36,20
20130328,4,5,32,10,22,46
20130331,2,7,46,4,6,16
20130404,6,49,24,16,5,9
20130407,21,35,43,5,7,46
20130411,23,10,25,13,44,39
20130414,13,46,31,35,30,12
20130418,19,16,21,39,7,28
20130421,47,38,10,25,20,15
20130425,37,34,26,18,40,11
20130428,12,36,24,16,43,10
20130505,41,2,27,28,30,42
20130505,6,48,34,12,22,38
20130509,38,28,6,2,22,23
20130512,9,29,45,5,3,11
20130516,35,31,7,27,26,19
20130519,48,21,24,4,39,1
20130523,47,8,6,15,11,26
20130526,4,40,34,17,42,49
20130530,7,11,12,10,46,37
20130602,6,34,36,9,26,16
20130606,6,38,47,34,32,14
20130609,24,44,37,45,8,41
20130613,44,20,48,49,1,25
20130616,17,9,44,21,32,35
20130620,41,8,38,21,9,36
20130623,32,39,17,19,5,47
20130627,2,41,29,43,44,48
20130630,16,25,14,36,8,33
20130704,29,38,44,27,18,17
20130707,11,2,34,36,48,8
20130711,27,23,37,4,30,8
20130714,22,49,18,7,47,6
20130718,38,20,25,40,4,3
20130721,22,29,11,9,2,39
20130725,15,7,6,24,34,28
20130728,41,11,9,45,42,19
20130801,41,12,46,15,40,37
20130804,7,4,10,32,46,45
20130808,17,5,25,20,43,23
20130811,13,21,49,3,40,43
20130815,23,46,18,17,47,15
20130818,43,23,25,3,22,17
20130822,15,32,21,7,23,40
20130825,28,30,49,29,34,25
20130829,8,5,36,3,2,41
20130901,26,44,7,16,25,11
20130905,41,10,28,36,27,16
20130908,6,26,13,24,47,34
20130915,44,2,24,15,48,33
20130915,15,39,44,36,19,33
20130919,33,32,37,41,8,45
20130922,4,46,28,30,49,17
20130926,14,49,36,11,35,8
20130929,7,31,35,12,48,44
20131003,21,41,15,1,37,34
20131006,25,36,29,49,47,31
20131010,35,10,3,33,48,34
20131013,17,13,35,9,30,39
20131017,34,26,2,16,36,43
20131020,40,19,11,37,20,6
20131024,32,1,49,40,30,20
20131027,41,36,10,20,17,12
20131031,37,45,4,25,5,6
20131103,39,32,49,24,25,15
20131107,48,17,49,19,32,29
20131110,25,46,15,4,7,22
20131114,43,16,6,29,25,37
20131117,36,44,28,23,25,21
20131121,13,37,32,21,7,33
20131124,1,40,42,47,25,35
20131128,46,26,43,30,38,21
20131201,26,48,8,2,39,25
20131205,46,6,20,45,32,24
20131208,32,40,22,14,9,18
20131212,17,32,49,37,35,41
20131215,8,34,9,35,18,40
20131219,12,10,1,3,47,35
20131222,3,45,22,48,10,13
20131230,28,21,17,23,4,48
20131230,11,34,30,3,9,5
20140105,33,45,25,10,4,48
20140109,2,33,26,24,12,16
20140112,43,24,39,4,32,7
20140116,1,45,43,48,9,21
20140119,34,29,48,30,4,27
20140123,28,29,18,4,17,16
20140126,29,38,6,25,8,34
20140130,6,37,29,32,18,42
20140202,13,37,25,12,30,46
20140206,2,14,12,3,25,17
20140209,1,9,17,20,22,49
20140213,48,14,12,1,17,23
20140216,4,49,29,23,31,1
20140220,10,12,3,48,36,4
20140223,44,16,27,33,31,11
20140227,30,34,38,4,6,27
20140302,24,21,13,37,39,6
20140306,45,36,11,44,42,16
20140309,44,11,22,5,15,47
20140313,1,46,25,27,17,36
20140316,36,8,22,31,44,12
20140320,31,6,34,4,44,49
20140323,23,2,9,18,33,32
20140327,5,23,13,9,2,4
20140330,45,33,40,21,35,5
20140403,10,38,5,7,14,45
20140406,14,6,33,11,5,49
20140410,46,49,13,8,43,47
20140413,15,48,5,8,30,1
20140420,3,45,26,40,47,32
20140420,5,3,44,26,42,9
20140424,18,46,11,41,5,10
20140427,28,38,23,15,35,3
20140501,1,25,20,17,22,4
20140504,44,49,20,30,15,6
20140508,41,14,48,8,6,49
20140511,37,43,6,46,17,7
20140515,35,39,19,47,43,20
20140518,6,19,47,9,31,36
20140522,13,33,40,9,12,36
20140525,43,33,3,44,29,37
20140529,31,8,2,6,10,19
20140601,31,44,35,32,7,43
20140605,8,31,37,49,2,6
20140608,2,22,30,5,41,27
20140612,49,21,17,32,34,11
20140615,17,23,43,1,28,47
20140619,28,40,19,4,41,14
20140622,24,11,14,44,41,16
20140626,25,10,44,27,31,11
20140629,35,18,12,2,17,7
20140703,38,28,31,15,6,32
20140706,39,11,21,13,47,30
20140710,30,34,11,40,33,19
20140713,13,26,33,27,31,21
20140717,44,25,2,29,46,45
20140720,5,12,38,2,14,48
20140724,20,34,15,7,3,17
20140727,48,11,45,12,30,32
20140731,33,28,19,9,17,10
20140803,4,29,47,1,30,43
20140807,23,3,13,25,19,32
20140810,31,37,27,47,22,45
20140814,8,37,13,25,36,21
20140817,15,1,35,17,11,21
20140821,40,32,45,24,48,26
20140824,21,45,19,38,27,18
20140828,21,34,4,49,9,46
20140831,40,33,29,27,13,39
20140904,8,22,48,27,21,16
20140907,28,3,22,45,39,26
20140914,28,11,14,29,13,33
20140914,19,44,22,23,12,32
20140918,26,41,4,46,30,16
20140921,19,42,1,32,33,47
20140925,25,23,38,46,27,5
20140928,11,24,19,4,41,20
20141002,15,49,28,25,23,47
20141005,12,22,15,31,25,32
20141009,41,5,48,43,21,32
20141012,23,49,17,45,32,24
20141016,29,17,1,46,25,31
20141019,13,19,25,1,15,6
20141023,28,47,38,31,9,40
20141026,33,26,49,22,12,2
20141030,45,5,39,30,24,46
20141102,42,39,48,33,24,41
20141106,20,11,16,36,15,49
20141109,4,36,6,46,32,44
20141113,30,42,23,16,8,39
20141116,30,22,17,6,18,28
20141120,40,36,19,2,18,12
20141123,2,11,32,34,38,28
20141127,23,22,36,6,20,33
20141130,12,34,17,16,20,15
20141204,46,29,35,44,2,4
20141207,47,6,28,36,1,20
20141211,34,35,1,5,36,47
20141214,17,49,22,10,45,33
20141218,2,24,39,16,4,10
20141221,40,28,5,12,19,44
20141230,39,36,47,6,1,3
20141230,22,16,47,34,48,20
20150111,45,16,3,9,34,13
20150115,25,23,45,18,11,36
20150118,35,1,15,27,3,14
20150122,41,36,4,15,32,20
20150125,35,5,16,25,36,9
20150129,13,28,46,35,44,39
20150201,10,27,2,41,45,37
20150205,24,8,3,26,21,25
20150208,19,29,5,34,41,2
20150212,9,25,5,35,40,33
20150215,25,28,9,45,34,43
20150219,43,42,18,2,16,15
20150222,40,18,7,29,33,14
20150226,46,25,42,23,26,16
20150301,9,46,34,11,18,35
20150301,21,15,27,37,29,14
20150305,8,48,22,2,41,27
20150308,3,8,11,26,48,46
20150312,16,1,47,25,26,15
20150315,43,17,34,35,47,3
20150319,6,23,7,30,21,46
20150322,46,36,45,7,35,13
20150326,2,45,27,4,38,48
20150329,22,10,4,6,18,9
20150402,11,38,36,1,27,16
20150405,33,5,30,44,4,27
20150409,18,36,32,49,29,6
20150412,15,44,16,19,31,23
20150412,18,25,45,23,27,40
20150416,26,42,45,8,1,5
20150419,32,44,21,38,35,16
20150423,1,18,10,30,17,44
20150426,46,29,30,1,10,2
20150430,43,19,27,11,14,46
20150503,45,8,5,37,19,1
20150507,3,48,14,47,9,16
20150510,4,25,6,17,48,14
20150514,30,21,38,33,8,11
20150517,16,19,48,25,32,10
20150521,34,1,17,10,39,18
20150524,32,25,45,43,40,2
20150528,46,41,12,44,39,22
20150531,14,35,29,8,23,21
20150604,24,38,26,28,7,17
20150607,47,30,45,37,12,17
20150611,32,17,46,5,48,33
20150614,28,23,24,45,10,37
20150618,38,37,1,33,41,15
20150621,11,34,1,7,37,18
20150625,18,37,8,43,26,45
20150628,38,6,36,22,48,47
20150702,36,30,20,4,5,10
20150705,27,4,47,15,10,41
20150709,19,17,5,2,41,28
20150712,45,13,15,32,2,23
20150716,43,48,31,33,24,45
20150719,37,33,10,43,49,40
20150723,16,48,46,36,42,26
20150726,48,43,38,6,10,36
20150730,34,25,44,18,39,24
20150802,1,27,14,23,30,40
20150806,35,16,14,7,46,40
20150809,29,15,21,46,36,18
20150813,16,10,14,24,3,6
20150816,11,8,44,10,46,35
20150820,26,41,38,18,4,36
20150823,16,28,17,43,20,36
20150827,23,5,26,42,17,34
20150830,44,48,1,34,2,25
20150903,15,10,26,9,6,47
20150906,38,3,12,16,28,18
20150913,28,40,3,17,34,49
20150913,22,21,18,17,41,8
20150917,32,3,28,14,8,29
20150920,48,34,20,27,47,2
20150924,49,31,38,44,14,10
20150927,26,1,32,18,12,7
20151001,11,2,38,32,41,30
20151004,31,1,36,39,24,14
20151008,33,18,6,42,37,35
20151011,30,44,27,29,28,45
20151015,14,45,46,9,22,8
20151018,10,17,47,11,12,23
20151022,44,3,24,1,49,2
20151025,31,9,7,17,10,47
20151029,2,12,26,19,37,25
20151101,11,21,20,8,41,34
20151105,45,41,47,42,40,10
20151108,13,16,32,7,10,36
20151112,44,2,13,39,12,19
20151115,29,10,2,30,3,18
20151119,31,3,10,47,25,8
20151122,14,43,23,21,33,16
20151126,21,46,26,32,3,35
20151129,5,28,26,35,12,47
20151203,10,13,37,44,14,46
20151206,26,49,9,20,48,6
20151210,41,1,20,46,36,14
20151213,32,25,11,21,14,38
20151217,46,26,11,19,28,6
20151220,8,18,44,27,2,13
20151230,10,15,18,47,34,48
20151230,8,35,4,28,40,22
20160107,34,26,36,29,11,25
20160110,41,16,14,8,29,47
20160114,45,41,38,46,23,33
20160117,21,20,9,5,2,14
20160121,17,13,5,1,20,9
20160124,43,39,4,28,20,5
20160128,11,35,13,1,33,14
20160131,28,6,49,18,9,36
20160204,42,47,44,45,6,24
20160207,36,29,4,1,45,42
20160211,32,40,9,31,21,28
20160214,23,46,8,11,48,13
20160218,33,5,4,18,16,8
20160221,47,21,1,40,31,39
20160225,15,34,31,37,6,24
20160228,25,4,19,41,20,36
20160303,16,38,19,27,41,45
20160306,29,8,2,34,46,37
20160306,41,14,49,25,2,44
20160310,26,28,44,46,3,45
20160313,3,21,45,19,4,29
20160317,40,13,45,9,43,41
20160320,4,5,30,23,36,1
20160324,15,21,24,47,16,18
20160327,2,3,24,40,6,43
20160331,21,11,44,43,32,5
20160403,36,6,34,13,47,49
20160407,20,26,39,25,14,21
20160410,35,42,17,41,28,33
20160414,9,44,5,16,31,10
20160417,9,15,12,27,44,46
20160421,18,47,5,14,46,6
20160424,6,15,42,43,45,32
20160501,16,40,9,36,37,43
20160501,22,23,11,39,42,8
20160505,39,5,19,13,15,32
20160508,48,17,34,25,14,5
20160512,3,37,6,22,2,10
20160515,24,4,42,25,37,20
20160519,24,7,34,2,9,37
20160522,30,13,1,42,34,19
20160526,1,43,21,45,26,20
20160529,11,48,3,19,10,5
20160602,13,27,37,8,23,12
20160605,39,7,4,13,36,22
20160609,30,42,44,18,10,31
20160612,27,20,25,46,22,11
20160616,30,16,4,9,13,2
20160619,25,35,30,4,11,14
20160623,24,7,46,35,3,27
20160626,24,43,1,25,46,22
20160630,1,27,34,49,14,6
20160703,42,25,38,22,27,15
20160707,15,31,26,4,42,17
20160710,9,38,45,21,20,5
20160714,22,31,34,47,10,49
20160717,12,26,9,45,4,47
20160721,2,41,42,6,39,12
20160724,24,16,28,21,6,33
20160728,42,44,10,3,33,27
20160731,38,32,31,49,3,4
20160804,16,42,2,6,46,30
20160807,7,5,36,41,4,32
20160811,14,4,19,49,34,38
20160814,47,3,49,6,7,24
20160818,6,44,1,4,19,8
20160821,38,17,5,11,36,13
20160825,6,11,25,9,12,1
20160828,48,6,4,30,13,26
20160901,19,26,45,25,22,3
20160904,41,13,21,43,45,28
20160908,40,39,14,46,7,41
20160911,34,21,25,14,46,43
20160915,22,18,5,28,29,15
20160918,18,19,35,23,45,13
20160918,22,47,15,14,41,2
20160922,33,25,30,17,13,31
20160925,11,25,43,42,30,23
20160929,32,43,40,44,2,26
20161002,27,23,2,44,48,38
20161006,21,10,40,23,3,38
20161009,9,10,27,5,38,33
20161013,16,7,26,25,31,13
20161016,19,42,22,18,43,20
20161020,11,36,7,31,19,12
20161023,12,31,46,17,6,5
20161027,6,35,3,1,43,42
20161030,16,37,7,33,28,36
20161103,7,19,22,6,5,45
20161106,15,11,41,14,9,42
20161110,35,44,17,10,22,18
20161113,21,35,46,20,5,31
20161117,17,42,39,30,36,4
20161120,2,42,1,44,19,8
20161124,17,15,19,11,7,9
20161127,29,32,43,30,21,4
20161204,34,23,1,18,5,11
20161208,38,9,24,10,7,4
20161211,36,18,41,24,23,10
20161215,49,4,44,37,7,31
20161218,17,3,38,44,20,40
20161222,4,18,32,21,17,34
20161231,23,22,43,8,9,27
20161231,42,15,34,43,48,39
20170105,25,49,42,29,5,24
20170108,16,5,18,28,43,30
20170112,16,30,1,23,20,8
20170115,7,30,16,39,23,5
20170119,23,45,12,25,2,10
20170122,24,16,38,27,11,3
20170126,33,27,2,40,42,20
20170129,38,27,49,17,13,44
20170202,40,6,27,5,25,49
20170205,25,10,34,15,36,39
20170209,20,37,8,31,27,9
20170212,7,5,8,25,37,6
20170216,22,17,4,42,30,3
20170219,37,30,27,38,17,45
20170223,18,23,36,7,47,8
20170226,22,31,30,4,42,39
20170302,24,38,48,11,12,29
20170305,43,14,49,23,3,6
20170305,30,1,16,9,41,34
20170309,29,43,33,10,27,36
20170312,20,39,3,5,49,41
20170316,48,30,46,13,21,29
20170319,40,45,38,8,11,34
20170323,11,35,39,4,2,1
20170326,1,29,41,39,18,46
20170330,23,31,20,19,38,7
20170402,48,21,12,9,5,46
20170406,22,20,2,36,1,8
20170409,41,32,21,5,4,16
20170416,8,30,37,11,21,45
20170416,23,42,21,30,4,12
20170420,1,21,18,6,31,3
20170423,13,45,42,14,48,41
20170427,49,2,19,44,9,35
20170430,5,40,8,12,38,16
20170504,13,25,22,15,34,11
20170507,18,13,21,4,16,11
20170511,1,32,34,49,24,17
20170514,1,38,25,2,11,6
20170518,47,13,6,3,32,17
20170521,17,32,39,48,43,41
20170525,4,20,15,2,10,19
20170528,11,13,2,43,12,39
20170601,48,30,19,38,36,29
20170604,39,19,14,12,26,16
20170608,7,6,16,26,18,9
20170611,8,49,38,17,33,28
20170615,20,15,4,39,46,3
20170618,38,3,48,30,1,12
20170622,2,40,22,44,42,30
20170625,9,28,12,46,8,19
20170625,13,47,17,44,27,6
20170629,33,31,28,4,5,26
20170702,11,32,28,37,36,48
20170706,15,17,21,49,30,25
20170709,26,30,8,24,35,23
20170713,49,4,26,32,27,43
20170716,16,15,5,22,7,40
20170720,7,14,44,27,45,4
20170723,4,38,39,11,15,36
20170727,47,16,11,38,10,26
20170730,25,48,28,38,1,24
20170730,41,20,7,5,9,3
20170803,14,16,44,2,27,9
20170806,25,7,9,37,43,29
20170810,16,14,7,47,21,27
20170813,38,3,28,31,32,18
20170817,48,27,29,23,8,20
20170820,48,46,5,30,19,32
20170824,26,16,37,36,13,22
20170827,48,17,43,2,13,15
20170831,18,11,24,39,12,34
20170903,23,24,8,45,40,35
20170907,15,36,20,24,2,6
20170910,20,25,45,48,37,21
20170917,21,30,39,46,3,9
20170917,5,14,10,23,26,40
20170921,4,32,36,8,1,24
20170924,32,5,4,49,44,12
20170928,3,6,37,7,48,28
20171001,21,38,7,6,49,13
20171005,30,6,17,41,4,28
20171008,5,15,28,41,32,7
20171012,44,35,36,19,21,42
20171015,46,22,47,43,27,28
20171015,44,19,35,6,9,10
20171019,8,32,11,19,29,17
20171022,2,28,41,27,26,3
20171026,10,21,24,22,37,23
20171029,18,37,27,10,44,5
20171102,49,21,24,28,39,16
20171105,13,3,18,12,21,45
20171109,23,47,28,7,39,9
20171112,19,12,32,7,33,17
20171116,21,5,44,48,11,49
20171119,8,15,30,42,39,35
20171123,30,10,11,45,15,37
20171126,23,30,44,13,2,15
20171126,37,11,35,27,12,4
20171130,17,15,41,39,45,40
20171203,42,20,5,4,23,38
20171207,32,14,37,40,47,49
20171210,38,49,10,1,46,22
20171214,40,2,45,13,11,5
20171217,34,30,47,46,45,26
20171221,19,46,30,33,36,17
20171224,18,33,17,12,44,28
20171231,5,44,12,9,29,16
20171231,43,36,2,42,32,28
20180104,8,27,47,2,25,3
20180107,4,12,5,19,33,2
20180111,35,20,10,31,3,32
20180114,16,36,34,30,43,27
20180118,1,49,21,34,2,12
20180121,47,35,17,33,23,11
20180125,48,10,17,31,25,29
20180128,18,34,5,28,33,2
20180201,37,34,27,46,4,28
20180204,37,17,26,39,35,4
20180208,3,29,23,40,39,9
20180211,5,14,30,34,22,18
20180215,30,33,5,2,34,19
20180218,21,12,42,8,37,2
20180222,47,8,35,18,26,2
20180225,3,1,47,19,28,34
20180301,6,11,39,43,33,9
20180304,17,40,3,31,19,41
20180304,20,40,19,32,39,29
20180308,12,4,24,42,31,2
20180311,27,43,48,29,35,1
20180315,34,19,3,20,10,17
20180318,9,37,41,33,47,25
20180322,4,15,48,2,23,20
20180325,2,39,12,36,34,20
20180329,23,35,31,5,6,43
20180401,12,23,20,11,42,18
20180408,31,9,18,29,32,21
20180408,45,49,9,37,7,31
20180412,2,24,43,49,16,40
20180415,15,9,31,21,13,4
20180419,4,21,22,27,24,37
20180422,14,18,39,21,45,29
20180426,14,18,19,24,33,6
20180429,30,49,14,46,37,32
20180503,29,37,44,3,9,6
20180506,35,16,25,9,23,49
20180510,1,20,39,21,43,44
20180513,33,9,17,49,11,34
20180517,24,34,17,8,5,20
20180520,12,16,33,45,3,10
20180524,1,14,38,47,33,7
20180527,2,27,14,45,7,46
20180531,24,33,19,28,35,4
20180603,1,11,47,22,36,46
20180607,43,4,38,25,16,46
20180610,47,21,25,22,40,42
20180614,6,23,3,35,32,44
20180617,3,19,20,23,17,37
20180621,30,31,19,49,17,34
20180624,24,49,42,3,21,41
20180628,49,23,25,24,41,4
20180701,19,43,20,18,5,11
20180705,28,5,44,10,26,38
20180708,25,36,31,8,7,40
20180712,2,42,29,39,40,44
20180715,3,29,46,32,23,27
20180719,23,49,5,2,41,16
20180722,4,48,39,44,24,9
20180726,6,12,44,27,4,30
20180729,38,9,14,45,31,23
20180802,21,9,8,22,40,27
20180805,2,31,43,24,40,19
20180809,41,42,25,28,38,30
20180812,3,23,16,12,10,45
20180816,5,16,37,32,3,10
20180819,31,15,24,18,33,35
20180823,37,14,47,28,39,4
20180826,19,43,26,27,14,38
20180830,29,27,12,25,7,39
20180902,45,43,28,14,18,4
20180906,48,26,13,28,7,22
20180909,44,16,27,48,9,19
20180913,42,20,3,34,31,13
20180916,33,22,37,36,42,29
20180916,14,10,23,30,8,37
20180920,42,35,33,39,25,7
20180923,34,23,15,47,4,14
20180927,29,11,4,45,33,28
20180930,3,5,41,44,38,32
20181004,34,26,12,32,7,42
20181007,21,12,40,44,33,1
20181011,6,11,33,19,23,8
20181014,24,45,2,49,19,47
20181018,34,27,32,10,13,11
20181021,7,6,22,21,43,23
20181021,45,47,25,18,2,10
20181025,42,33,45,5,15,16
20181028,24,10,4,48,33,43
20181101,34,19,7,43,9,28
20181104,40,34,22,36,32,41
20181108,42,19,10,37,21,45
20181111,10,23,30,21,7,39
20181115,28,7,48,14,22,17
20181118,48,23,15,37,35,28
20181118,42,48,10,5,33,3
20181122,20,15,18,7,28,23
20181125,22,7,2,40,14,30
20181129,3,12,27,18,9,4
20181202,39,46,15,11,7,25
20181202,33,7,19,47,11,25
20181206,19,14,7,34,20,41
20181209,22,23,24,9,47,33
20181213,32,41,43,25,1,19
20181216,47,33,34,16,44,27
20181220,24,44,13,23,32,41
20181223,26,41,24,25,23,36
20181231,11,12,15,30,8,4
20190106,7,45,30,17,6,26
20190110,8,15,31,45,26,32
20190113,22,14,17,33,7,9
20190117,7,45,36,15,40,34
20190120,35,15,26,17,46,21
20190124,39,43,17,8,6,7
20190127,26,7,4,42,48,6
20190131,30,7,23,12,28,27
20190203,35,48,18,34,49,29
20190207,30,26,25,48,32,1
20190210,12,45,48,38,24,5
20190214,31,49,2,46,20,3
20190217,13,45,28,17,12,47
20190221,26,33,11,9,24,20
20190224,2,3,49,25,31,17
20190228,30,21,41,32,45,3
20190303,26,42,24,20,36,33
20190307,20,16,18,23,15,26
20190310,4,20,1,10,5,42
20190314,37,39,2,32,25,23
20190317,1,36,40,21,4,39
20190321,30,10,5,27,8,28
20190324,13,45,49,26,18,28
20190328,38,6,45,36,47,11
20190331,14,13,19,12,21,25
20190404,44,29,46,6,1,28
20190407,4,2,8,5,25,14
20190411,8,10,4,49,45,27
20190414,12,44,4,36,31,39
20190418,8,6,33,31,42,13
20190421,26,23,47,21,35,24
20190427,15,8,1,29,5,43
20190427,46,10,7,5,41,9
20190502,48,7,34,40,33,46
20190505,42,28,13,6,19,48
20190509,13,32,15,43,18,20
20190512,27,6,11,44,42,24
20190516,12,46,42,20,17,2
20190519,43,26,15,11,24,25
20190523,5,47,38,39,31,22
20190526,16,43,48,14,19,26
20190530,1,13,29,6,3,22
20190602,18,9,26,34,49,11
20190606,40,24,37,2,11,12
20190609,25,30,2,49,15,31
20190613,33,46,4,36,32,47
20190616,22,42,41,30,34,8
20190620,14,48,32,11,35,13
20190623,5,1,11,45,36,8
20190627,12,28,5,34,21,16
20190630,3,47,31,25,22,21
20190704,6,40,22,32,31,12
20190707,8,40,16,4,48,2
20190711,42,28,31,3,23,38
20190714,15,21,28,38,26,13
20190718,41,16,27,24,4,37
20190721,1,40,27,35,28,37
20190725,32,7,40,1,37,11
20190728,32,40,20,35,4,23
20190801,6,3,48,25,2,47
20190804,22,26,42,6,7,24
20190808,22,30,31,29,10,4
20190811,25,45,44,37,27,42
20190815,6,7,9,37,30,31
20190818,5,40,24,20,8,27
20190822,39,8,24,46,33,47
20190825,36,29,2,28,16,34
20190829,25,1,13,34,28,30
20190901,36,19,38,44,6,20
20190905,21,40,3,13,30,6
20190908,43,4,48,29,44,23
20190912,8,10,30,26,42,6
20190915,27,45,25,8,10,39
20190915,37,8,4,10,28,21
20190919,5,27,43,18,47,19
20190922,25,24,27,17,29,20
20190926,22,37,27,45,43,40
20190929,14,26,48,43,40,10
20191003,36,7,11,15,48,8
20191006,10,29,6,19,38,45
20191010,21,41,49,30,31,2
20191013,42,23,35,44,32,1
20191017,21,41,15,5,6,45
20191020,32,36,47,49,18,7
20191024,49,6,27,20,26,28
20191027,44,9,41,1,49,5
20191031,38,22,27,24,30,21
20191103,39,48,1,43,40,31
20191107,6,19,44,33,37,2
20191110,10,36,23,12,28,46
20191114,27,17,30,8,13,16
20191117,11,17,15,49,33,6
20191121,4,42,46,43,5,35
20191124,13,37,44,25,21,49
20191128,40,4,8,10,1,12
20191201,40,22,5,33,2,32
20191201,28,39,40,25,32,31
20191205,28,36,33,22,43,37
20191208,43,45,34,27,12,23
20191212,17,2,47,40,22,19
20191215,34,41,3,12,16,2
20191219,8,5,16,26,31,17
20191222,9,39,16,3,44,24
20191231,25,16,5,46,35,6
20191231,14,17,24,8,21,1
20200105,20,27,26,28,41,3
20200109,30,40,39,36,18,19
20200112,45,4,8,44,27,9
20200116,26,17,19,30,20,23
20200119,28,11,9,24,47,3
20200123,39,13,1,24,32,42
20200126,9,23,28,35,18,45
20200130,44,41,16,13,15,31
20200202,7,16,18,8,33,14
20200206,45,31,13,30,18,4
20200209,44,6,3,11,15,33
20200213,4,25,28,48,38,9
20200216,43,20,12,40,46,13
20200220,28,6,12,16,34,31
20200223,39,38,43,40,48,20
20200227,2,26,20,5,14,42
20200301,9,49,25,36,38,24
20200305,21,39,16,6,25,10
20200308,3,6,39,45,26,21
20200308,8,10,9,45,27,16
20200312,27,26,15,10,48,23
20200315,35,36,32,40,23,4
20200319,4,8,49,42,11,9
20200621,2,45,8,22,18,27
20200625,29,39,40,42,10,14
20200628,35,13,33,27,16,5
20200702,27,34,37,8,1,22
20200705,27,13,41,7,1,16
20200709,20,37,26,31,36,17
20200712,23,43,30,44,26,10
20200716,21,47,46,36,23,13
20200719,36,43,47,11,2,33
20200723,25,7,11,6,15,34
20200726,18,13,19,5,29,8
20200730,3,38,34,17,12,5
20200802,47,30,5,28,48,12
20200806,8,47,3,13,14,23
20200809,29,36,13,17,27,46
20200813,12,38,27,35,30,6
20200816,47,11,17,35,3,29
20200820,40,27,26,30,12,11
20200823,47,4,18,20,2,6
20200827,26,39,17,10,43,19
20200830,49,1,14,45,18,42
20200903,29,48,34,12,36,8
20200906,34,9,46,37,3,2
20200910,28,9,18,3,43,37
20200913,40,36,47,42,33,16
20200913,41,39,33,3,16,9
20200917,8,12,47,40,6,30
20200920,34,4,2,3,35,46
20200924,2,42,39,22,34,43
20200927,9,23,45,21,13,4
20201001,23,15,11,47,35,29
20201004,48,9,1,30,5,14
20201008,4,39,27,23,1,15
20201011,10,33,6,4,7,36
20201015,25,1,13,23,37,7
20201018,48,10,36,2,27,23
20201022,36,33,30,4,17,25
20201025,36,35,3,24,31,8
20201029,4,18,31,8,38,42
20201101,33,24,4,40,12,18
20201105,4,34,12,25,40,1
20201108,46,18,20,14,48,5
20201112,38,14,5,21,31,12
20201115,16,48,17,46,22,10
20201119,23,3,34,27,42,39
20201122,43,1,13,25,12,19
20201126,44,3,35,13,28,25
20201129,17,43,25,21,8,10
20201203,3,24,4,37,44,9
20201206,13,37,26,17,28,16
20201206,45,12,31,32,35,14
20201210,20,27,30,31,49,39
20201213,15,23,8,36,5,47
20201217,12,49,38,39,45,29
20201220,46,27,44,5,16,42
20201224,43,20,2,8,31,30
20201231,25,38,41,1,10,36
20201231,28,18,48,40,45,31
20210103,7,1,15,36,34,30
20210107,31,49,45,37,17,16
20210110,39,26,42,38,10,28
20210114,39,21,49,26,11,27
20210117,5,36,3,35,32,2
20210121,26,1,28,12,49,24
20210124,12,27,15,9,33,44
20210128,22,24,11,19,35,30
20210131,40,11,18,33,20,14
20210204,36,8,20,34,32,30
20210207,41,49,5,20,14,1
20210211,43,35,25,6,16,8
20210214,15,33,32,47,17,11
20210218,16,38,30,42,8,1
20210221,30,24,3,12,10,42
20210225,10,27,34,12,9,31
20210228,40,45,6,39,9,14
20210304,7,21,36,19,1,16
20210307,27,3,10,29,5,9
20210307,1,17,27,19,44,9
20210311,12,19,9,1,40,5
20210314,26,40,35,39,37,5
20210318,3,38,31,39,5,29
20210321,27,17,10,4,19,43
20210325,29,3,34,39,26,36
20210328,47,13,7,30,42,19
20210401,15,25,16,21,12,5
20210404,4,2,3,10,41,26
20210408,26,9,6,13,32,31
20210411,12,17,4,44,11,27
20210415,15,48,29,47,18,42
20210418,12,22,36,6,23,37
20210422,26,46,20,39,8,5
20210425,27,42,48,44,46,23
20210501,30,46,40,16,5,43
20210501,43,7,20,47,48,5
20210506,35,7,22,20,37,32
20210509,40,31,24,14,3,47
20210513,12,40,7,10,6,41
20210516,3,36,9,41,11,24
20210520,46,27,7,19,6,38
20210523,35,17,39,7,24,21
20210527,30,40,41,14,23,43
20210530,22,7,32,29,37,1
20210603,17,38,6,33,28,49
20210606,21,36,2,28,6,34
20210610,15,20,13,49,35,46
20210613,37,25,5,38,30,10
20210617,11,26,16,27,24,44
20210620,39,45,30,34,38,4
20210624,38,44,28,23,5,18
20210627,23,27,25,11,18,22
20210701,38,36,22,17,31,49
20210704,16,27,42,18,46,24
20210708,33,5,10,7,14,26
20210711,36,42,49,37,26,16
20210715,8,9,28,36,23,47
20210718,35,45,19,2,41,12
20210722,1,42,47,11,10,21
20210725,25,22,20,27,48,42
20210729,23,48,20,26,6,38
20210801,5,33,13,11,35,46
20210805,23,41,28,35,30,25
20210808,4,7,25,36,20,14
20210812,25,42,10,28,5,3
20210815,18,46,39,26,10,34
20210819,40,38,5,25,7,13
20210822,34,48,4,46,7,24
20210826,49,1,8,48,3,48
20210829,17,36,32,27,19,5
20210902,16,7,18,42,19,36
20210905,46,8,25,19,37,41
20210909,47,36,13,19,49,38
20210912,41,49,34,12,14,45
20210912,7,48,27,33,21,14
20210916,9,12,25,13,32,40
20210919,8,12,19,6,11,10
20210923,30,40,13,1,48,3
20210926,16,33,11,6,32,35
20210930,8,5,24,16,23,36
20211003,45,3,35,20,21,32
20211007,10,6,30,2,17,1
20211010,48,32,7,27,12,42
20211014,38,13,33,27,2,39
20211017,13,24,11,10,6,18
20211021,25,21,24,4,8,2
20211024,33,5,12,27,16,24
20211028,25,4,1,7,35,20
20211031,6,29,49,9,39,27
20211104,28,44,24,1,38,4
20211107,19,8,14,48,37,40
20211111,39,22,46,30,9,33
20211114,1,38,34,22,45,13
20211118,33,22,27,37,21,35
20211121,15,1,14,20,28,29
20211125,35,9,6,27,5,33
20211128,12,17,31,29,27,48
20211205,16,10,15,18,40,4
20211205,14,40,23,28,47,12
20211209,25,28,2,14,4,43
20211212,39,14,24,44,20,37
20211216,3,28,39,27,5,7
20211219,15,19,13,3,44,5
20211224,2,17,15,12,14,23
20211231,37,27,43,4,38,39
20211231,41,9,5,45,34,1
20220106,44,36,29,25,34,14
20220109,7,26,5,48,49,25
20220113,29,12,23,42,27,10
20220116,13,42,40,14,37,23
20220120,46,28,48,7,3,14
20220123,46,29,3,33,40,26
20220127,46,3,18,16,48,32
20220130,40,12,29,16,48,47
20220203,21,41,1,26,7,29
20220206,49,33,23,16,10,7
20220210,41,13,27,48,23,29
20220213,32,3,7,40,37,14
20220217,45,12,26,11,44,37
20220220,46,20,37,25,32,8
20220227,49,24,47,18,40,10
20220303,44,38,10,11,24,21
20220306,19,42,41,18,34,28
20220306,10,8,6,4,42,48
20220310,42,24,16,48,5,4
20220313,18,17,28,39,15,43
20220317,8,2,32,9,39,6
20220320,7,2,13,19,46,24
20220324,46,38,39,22,3,5
20220327,7,31,9,13,8,3
20220331,8,40,30,35,18,7
20220403,25,20,11,49,34,27
20220407,49,8,48,5,11,19
20220410,40,33,36,35,43,4
20220414,10,12,27,49,15,21
20220417,20,16,13,35,25,19
20220423,30,24,23,29,41,18
20220423,5,37,35,3,31,49
20220428,2,43,26,16,38,32
20220501,10,29,37,49,26,42
20220505,12,36,34,38,41,40
20220508,22,8,27,3,41,11
20220512,25,10,8,44,23,28
20220515,45,6,24,5,39,44
20220519,6,11,32,17,15,7
20220522,47,34,38,9,39,30
20220526,22,32,33,41,44,19
20220529,26,10,20,41,16,13
20220602,7,39,31,12,25,35
20220605,15,23,18,34,11,41
20220609,6,39,42,5,34,13
20220612,36,13,19,37,27,38
20220616,36,24,21,22,31,35
20220619,28,26,9,2,48,5
20220623,28,42,8,1,25,46
20220626,35,33,27,10,46,43
20220630,10,43,9,20,21,44
20220703,42,44,19,28,26,13
20220707,22,40,10,7,14,11
20220710,1,23,18,49,42,29
20220714,32,17,7,48,46,27
20220717,17,8,27,38,29,25
20220721,10,24,6,3,8,14
20220724,39,35,38,10,4,43
20220728,17,48,40,23,36,2
20220731,21,38,26,24,12,20
20220804,18,40,5,46,49,23
20220807,9,32,17,6,41,11
20220811,10,28,6,30,11,33
20220814,20,4,25,23,26,34
20220818,16,35,37,27,5,18
20220821,2,12,27,15,16,9
20220825,48,39,21,27,30,9
20220828,39,31,24,38,3,43
20220901,14,43,10,45,30,6
20220904,47,31,8,36,26,27
20220908,44,48,21,10,27,17
20220911,19,18,31,10,5,17
20220911,48,2,16,33,45,41
20220915,45,49,12,40,10,41
20220918,21,41,31,14,2,43
20220922,13,35,18,28,10,47
20220925,31,20,9,25,15,2
20220929,7,18,22,30,33,12
20221002,36,6,29,10,20,23
20221006,25,27,9,13,37,7
20221009,5,18,49,34,31,40
20221013,22,40,45,5,20,44
20221016,16,22,18,32,48,1
20221020,6,41,47,15,2,24
20221023,24,38,18,6,25,2
20221027,16,30,2,9,25,1
20221030,13,21,17,9,42,43
20221103,30,12,25,10,1,37
20221106,40,29,2,10,18,37
20221110,31,3,24,12,23,7
20221113,44,10,2,6,31,23
20221117,18,11,29,36,10,35
20221120,47,45,40,1,30,24
20221124,17,25,32,29,18,49
20221127,19,33,39,18,30,26
